# Hydraprot_sorted/1byi_A.pdb
# Protein CA rmsd=  0.000
#  N |   RMSD    Ave    Med   f<0.5  f<1.0  f<1.5
  87 |  5.207  3.703  2.774  0.3333 0.4138 0.4598   0.477
 174 |  2.438  1.452  0.493  0.5057 0.6897 0.7356   0.432
 261 |  1.596  0.948  0.469  0.5287 0.7586 0.8391   0.489
 348 |  0.930  0.656  0.464  0.5517 0.8161 0.8966   0.513
 435 |  0.854  0.632  0.464  0.5517 0.8161 0.8966   0.527
 522 |  0.816  0.613  0.464  0.5517 0.8276 0.9080   0.531
 609 |  0.816  0.613  0.464  0.5517 0.8276 0.9080   0.531
 696 |  0.816  0.613  0.464  0.5517 0.8276 0.9080   0.531
 783 |  0.816  0.613  0.464  0.5517 0.8276 0.9080   0.531
 870 |  0.816  0.613  0.464  0.5517 0.8276 0.9080   0.531
 957 |  0.816  0.613  0.464  0.5517 0.8276 0.9080   0.531
1044 |  0.816  0.613  0.464  0.5517 0.8276 0.9080   0.531
1131 |  0.816  0.613  0.464  0.5517 0.8276 0.9080   0.531
1218 |  0.816  0.613  0.464  0.5517 0.8276 0.9080   0.531
1305 |  0.816  0.613  0.464  0.5517 0.8276 0.9080   0.531
1392 |  0.816  0.613  0.464  0.5517 0.8276 0.9080   0.531
1479 |  0.816  0.613  0.464  0.5517 0.8276 0.9080   0.531
1566 |  0.816  0.613  0.464  0.5517 0.8276 0.9080   0.531
1653 |  0.816  0.613  0.464  0.5517 0.8276 0.9080   0.531
1740 |  0.816  0.613  0.464  0.5517 0.8276 0.9080   0.531
1827 |  0.816  0.613  0.464  0.5517 0.8276 0.9080   0.531
1914 |  0.816  0.613  0.464  0.5517 0.8276 0.9080   0.531
2001 |  0.816  0.613  0.464  0.5517 0.8276 0.9080   0.531
2088 |  0.816  0.613  0.464  0.5517 0.8276 0.9080   0.531
2175 |  0.816  0.613  0.464  0.5517 0.8276 0.9080   0.531
2262 |  0.816  0.613  0.464  0.5517 0.8276 0.9080   0.531
2349 |  0.816  0.613  0.464  0.5517 0.8276 0.9080   0.531
2436 |  0.816  0.613  0.464  0.5517 0.8276 0.9080   0.531
2523 |  0.816  0.613  0.464  0.5517 0.8276 0.9080   0.531
2610 |  0.816  0.613  0.464  0.5517 0.8276 0.9080   0.531
2697 |  0.816  0.613  0.464  0.5517 0.8276 0.9080   0.531
2784 |  0.816  0.613  0.464  0.5517 0.8276 0.9080   0.531
2871 |  0.816  0.613  0.464  0.5517 0.8276 0.9080   0.531
2958 |  0.816  0.613  0.464  0.5517 0.8276 0.9080   0.531
3045 |  0.816  0.613  0.464  0.5517 0.8276 0.9080   0.531
3132 |  0.816  0.613  0.464  0.5517 0.8276 0.9080   0.531
3219 |  0.816  0.613  0.464  0.5517 0.8276 0.9080   0.531
3306 |  0.816  0.613  0.464  0.5517 0.8276 0.9080   0.531
3393 |  0.816  0.613  0.464  0.5517 0.8276 0.9080   0.531
3480 |  0.816  0.613  0.464  0.5517 0.8276 0.9080   0.531
3567 |  0.816  0.613  0.464  0.5517 0.8276 0.9080   0.531
3654 |  0.816  0.613  0.464  0.5517 0.8276 0.9080   0.531
3741 |  0.816  0.613  0.464  0.5517 0.8276 0.9080   0.531
3828 |  0.816  0.613  0.464  0.5517 0.8276 0.9080   0.531
3915 |  0.816  0.613  0.464  0.5517 0.8276 0.9080   0.531
4002 |  0.816  0.613  0.464  0.5517 0.8276 0.9080   0.531
4089 |  0.816  0.613  0.464  0.5517 0.8276 0.9080   0.531
4176 |  0.816  0.613  0.464  0.5517 0.8276 0.9080   0.531
4263 |  0.816  0.613  0.464  0.5517 0.8276 0.9080   0.531
 451 |  0.816  0.613  0.464  0.5517 0.8276 0.9080   0.531
#
