# Hydraprot_sorted/1c7k_A.pdb
# Protein CA rmsd=  0.000
#  N |   RMSD    Ave    Med   f<0.5  f<1.0  f<1.5
  34 |  5.702  3.851  0.652  0.4412 0.5588 0.5588   0.348
  68 |  3.562  2.104  0.455  0.5294 0.6765 0.6765   0.358
 102 |  1.776  1.017  0.393  0.6471 0.7941 0.7941   0.470
 136 |  1.267  0.764  0.393  0.6471 0.8235 0.8529   0.493
 170 |  0.823  0.594  0.393  0.6471 0.8529 0.8824   0.537
 204 |  0.823  0.594  0.393  0.6471 0.8529 0.8824   0.537
 238 |  0.772  0.562  0.393  0.6471 0.8824 0.9118   0.504
 272 |  0.660  0.503  0.393  0.6471 0.9118 0.9706   0.443
 306 |  0.660  0.503  0.393  0.6471 0.9118 0.9706   0.443
 340 |  0.660  0.503  0.393  0.6471 0.9118 0.9706   0.443
 374 |  0.660  0.503  0.393  0.6471 0.9118 0.9706   0.443
 408 |  0.660  0.503  0.393  0.6471 0.9118 0.9706   0.443
 442 |  0.660  0.503  0.393  0.6471 0.9118 0.9706   0.443
 476 |  0.660  0.503  0.393  0.6471 0.9118 0.9706   0.443
 510 |  0.660  0.503  0.393  0.6471 0.9118 0.9706   0.443
 544 |  0.660  0.503  0.393  0.6471 0.9118 0.9706   0.443
 578 |  0.660  0.503  0.393  0.6471 0.9118 0.9706   0.443
 612 |  0.660  0.503  0.393  0.6471 0.9118 0.9706   0.443
 646 |  0.660  0.503  0.393  0.6471 0.9118 0.9706   0.443
 680 |  0.660  0.503  0.393  0.6471 0.9118 0.9706   0.443
 714 |  0.660  0.503  0.393  0.6471 0.9118 0.9706   0.443
 748 |  0.660  0.503  0.393  0.6471 0.9118 0.9706   0.443
 782 |  0.660  0.503  0.393  0.6471 0.9118 0.9706   0.443
 816 |  0.660  0.503  0.393  0.6471 0.9118 0.9706   0.443
 850 |  0.660  0.503  0.393  0.6471 0.9118 0.9706   0.443
 884 |  0.660  0.503  0.393  0.6471 0.9118 0.9706   0.443
 918 |  0.660  0.503  0.393  0.6471 0.9118 0.9706   0.443
 952 |  0.660  0.503  0.393  0.6471 0.9118 0.9706   0.443
 986 |  0.660  0.503  0.393  0.6471 0.9118 0.9706   0.443
1020 |  0.660  0.503  0.393  0.6471 0.9118 0.9706   0.443
1054 |  0.660  0.503  0.393  0.6471 0.9118 0.9706   0.443
1088 |  0.660  0.503  0.393  0.6471 0.9118 0.9706   0.443
1122 |  0.660  0.503  0.393  0.6471 0.9118 0.9706   0.443
1156 |  0.660  0.503  0.393  0.6471 0.9118 0.9706   0.443
1190 |  0.660  0.503  0.393  0.6471 0.9118 0.9706   0.443
1224 |  0.660  0.503  0.393  0.6471 0.9118 0.9706   0.443
1258 |  0.660  0.503  0.393  0.6471 0.9118 0.9706   0.443
1292 |  0.660  0.503  0.393  0.6471 0.9118 0.9706   0.443
1326 |  0.660  0.503  0.393  0.6471 0.9118 0.9706   0.443
1360 |  0.660  0.503  0.393  0.6471 0.9118 0.9706   0.443
1394 |  0.660  0.503  0.393  0.6471 0.9118 0.9706   0.443
1428 |  0.660  0.503  0.393  0.6471 0.9118 0.9706   0.443
1462 |  0.660  0.503  0.393  0.6471 0.9118 0.9706   0.443
1496 |  0.660  0.503  0.393  0.6471 0.9118 0.9706   0.443
1530 |  0.660  0.503  0.393  0.6471 0.9118 0.9706   0.443
1564 |  0.660  0.503  0.393  0.6471 0.9118 0.9706   0.443
1598 |  0.660  0.503  0.393  0.6471 0.9118 0.9706   0.443
1632 |  0.660  0.503  0.393  0.6471 0.9118 0.9706   0.443
1666 |  0.660  0.503  0.393  0.6471 0.9118 0.9706   0.443
 271 |  0.660  0.503  0.393  0.6471 0.9118 0.9706   0.443
#
