# Hydraprot_sorted/1eb6_A.pdb
# Protein CA rmsd=  0.000
#  N |   RMSD    Ave    Med   f<0.5  f<1.0  f<1.5
  67 |  5.103  3.320  0.376  0.5373 0.5821 0.5821   0.265
 134 |  2.287  1.208  0.328  0.6866 0.7463 0.7761   0.307
 201 |  1.407  0.734  0.288  0.7761 0.8507 0.8806   0.313
 268 |  0.995  0.568  0.288  0.7761 0.8507 0.9254   0.383
 335 |  0.846  0.506  0.288  0.7761 0.8657 0.9403   0.408
 402 |  0.632  0.448  0.288  0.7761 0.8657 0.9552   0.422
 469 |  0.632  0.448  0.288  0.7761 0.8657 0.9552   0.422
 536 |  0.632  0.448  0.288  0.7761 0.8657 0.9552   0.422
 603 |  0.632  0.448  0.288  0.7761 0.8657 0.9552   0.422
 670 |  0.632  0.448  0.288  0.7761 0.8657 0.9552   0.422
 737 |  0.632  0.448  0.288  0.7761 0.8657 0.9552   0.422
 804 |  0.632  0.448  0.288  0.7761 0.8657 0.9552   0.422
 871 |  0.632  0.448  0.288  0.7761 0.8657 0.9552   0.422
 938 |  0.632  0.448  0.288  0.7761 0.8657 0.9552   0.422
1005 |  0.632  0.448  0.288  0.7761 0.8657 0.9552   0.422
1072 |  0.632  0.448  0.288  0.7761 0.8657 0.9552   0.422
1139 |  0.632  0.448  0.288  0.7761 0.8657 0.9552   0.422
1206 |  0.632  0.448  0.288  0.7761 0.8657 0.9552   0.422
1273 |  0.632  0.448  0.288  0.7761 0.8657 0.9552   0.422
1340 |  0.632  0.448  0.288  0.7761 0.8657 0.9552   0.422
1407 |  0.632  0.448  0.288  0.7761 0.8657 0.9552   0.422
1474 |  0.632  0.448  0.288  0.7761 0.8657 0.9552   0.422
1541 |  0.632  0.448  0.288  0.7761 0.8657 0.9552   0.422
1608 |  0.632  0.448  0.288  0.7761 0.8657 0.9552   0.422
1675 |  0.632  0.448  0.288  0.7761 0.8657 0.9552   0.422
1742 |  0.632  0.448  0.288  0.7761 0.8657 0.9552   0.422
1809 |  0.632  0.448  0.288  0.7761 0.8657 0.9552   0.422
1876 |  0.632  0.448  0.288  0.7761 0.8657 0.9552   0.422
1943 |  0.632  0.448  0.288  0.7761 0.8657 0.9552   0.422
2010 |  0.632  0.448  0.288  0.7761 0.8657 0.9552   0.422
2077 |  0.632  0.448  0.288  0.7761 0.8657 0.9552   0.422
2144 |  0.632  0.448  0.288  0.7761 0.8657 0.9552   0.422
2211 |  0.632  0.448  0.288  0.7761 0.8657 0.9552   0.422
2278 |  0.632  0.448  0.288  0.7761 0.8657 0.9552   0.422
2345 |  0.632  0.448  0.288  0.7761 0.8657 0.9552   0.422
2412 |  0.632  0.448  0.288  0.7761 0.8657 0.9552   0.422
2479 |  0.632  0.448  0.288  0.7761 0.8657 0.9552   0.422
2546 |  0.632  0.448  0.288  0.7761 0.8657 0.9552   0.422
2613 |  0.632  0.448  0.288  0.7761 0.8657 0.9552   0.422
2680 |  0.632  0.448  0.288  0.7761 0.8657 0.9552   0.422
2747 |  0.632  0.448  0.288  0.7761 0.8657 0.9552   0.422
2814 |  0.632  0.448  0.288  0.7761 0.8657 0.9552   0.422
2881 |  0.632  0.448  0.288  0.7761 0.8657 0.9552   0.422
2948 |  0.632  0.448  0.288  0.7761 0.8657 0.9552   0.422
3015 |  0.632  0.448  0.288  0.7761 0.8657 0.9552   0.422
3082 |  0.632  0.448  0.288  0.7761 0.8657 0.9552   0.422
3149 |  0.632  0.448  0.288  0.7761 0.8657 0.9552   0.422
3216 |  0.632  0.448  0.288  0.7761 0.8657 0.9552   0.422
3283 |  0.632  0.448  0.288  0.7761 0.8657 0.9552   0.422
 353 |  0.632  0.448  0.288  0.7761 0.8657 0.9552   0.422
#
