# Hydraprot_sorted/1g66_A.pdb
# Protein CA rmsd=  0.000
#  N |   RMSD    Ave    Med   f<0.5  f<1.0  f<1.5
  71 |  5.123  3.493  0.604  0.4789 0.5211 0.5211   0.292
 142 |  2.316  1.380  0.448  0.5352 0.6901 0.7465   0.440
 213 |  1.457  0.857  0.417  0.5775 0.7746 0.8451   0.470
 284 |  1.230  0.705  0.384  0.6197 0.8169 0.8873   0.483
 355 |  0.654  0.510  0.374  0.6479 0.8732 0.9577   0.486
 426 |  0.617  0.496  0.374  0.6479 0.8732 0.9718   0.496
 497 |  0.617  0.496  0.374  0.6479 0.8732 0.9718   0.496
 568 |  0.617  0.496  0.374  0.6479 0.8732 0.9718   0.496
 639 |  0.617  0.496  0.374  0.6479 0.8732 0.9718   0.496
 710 |  0.617  0.496  0.374  0.6479 0.8732 0.9718   0.496
 781 |  0.617  0.496  0.374  0.6479 0.8732 0.9718   0.496
 852 |  0.617  0.496  0.374  0.6479 0.8732 0.9718   0.496
 923 |  0.617  0.496  0.374  0.6479 0.8732 0.9718   0.496
 994 |  0.617  0.496  0.374  0.6479 0.8732 0.9718   0.496
1065 |  0.617  0.496  0.374  0.6479 0.8732 0.9718   0.496
1136 |  0.617  0.496  0.374  0.6479 0.8732 0.9718   0.496
1207 |  0.617  0.496  0.374  0.6479 0.8732 0.9718   0.496
1278 |  0.617  0.496  0.374  0.6479 0.8732 0.9718   0.496
1349 |  0.617  0.496  0.374  0.6479 0.8732 0.9718   0.496
1420 |  0.617  0.496  0.374  0.6479 0.8732 0.9718   0.496
1491 |  0.617  0.496  0.374  0.6479 0.8732 0.9718   0.496
1562 |  0.617  0.496  0.374  0.6479 0.8732 0.9718   0.496
1633 |  0.617  0.496  0.374  0.6479 0.8732 0.9718   0.496
1704 |  0.617  0.496  0.374  0.6479 0.8732 0.9718   0.496
1775 |  0.617  0.496  0.374  0.6479 0.8732 0.9718   0.496
1846 |  0.617  0.496  0.374  0.6479 0.8732 0.9718   0.496
1917 |  0.617  0.496  0.374  0.6479 0.8732 0.9718   0.496
1988 |  0.617  0.496  0.374  0.6479 0.8732 0.9718   0.496
2059 |  0.617  0.496  0.374  0.6479 0.8732 0.9718   0.496
2130 |  0.617  0.496  0.374  0.6479 0.8732 0.9718   0.496
2201 |  0.617  0.496  0.374  0.6479 0.8732 0.9718   0.496
2272 |  0.617  0.496  0.374  0.6479 0.8732 0.9718   0.496
2343 |  0.617  0.496  0.374  0.6479 0.8732 0.9718   0.496
2414 |  0.617  0.496  0.374  0.6479 0.8732 0.9718   0.496
2485 |  0.617  0.496  0.374  0.6479 0.8732 0.9718   0.496
2556 |  0.617  0.496  0.374  0.6479 0.8732 0.9718   0.496
2627 |  0.617  0.496  0.374  0.6479 0.8732 0.9718   0.496
2698 |  0.617  0.496  0.374  0.6479 0.8732 0.9718   0.496
2769 |  0.617  0.496  0.374  0.6479 0.8732 0.9718   0.496
2840 |  0.617  0.496  0.374  0.6479 0.8732 0.9718   0.496
2911 |  0.617  0.496  0.374  0.6479 0.8732 0.9718   0.496
2982 |  0.617  0.496  0.374  0.6479 0.8732 0.9718   0.496
3053 |  0.617  0.496  0.374  0.6479 0.8732 0.9718   0.496
3124 |  0.617  0.496  0.374  0.6479 0.8732 0.9718   0.496
3195 |  0.617  0.496  0.374  0.6479 0.8732 0.9718   0.496
3266 |  0.617  0.496  0.374  0.6479 0.8732 0.9718   0.496
3337 |  0.617  0.496  0.374  0.6479 0.8732 0.9718   0.496
3408 |  0.617  0.496  0.374  0.6479 0.8732 0.9718   0.496
3479 |  0.617  0.496  0.374  0.6479 0.8732 0.9718   0.496
 383 |  0.617  0.496  0.374  0.6479 0.8732 0.9718   0.496
#
