# Hydraprot_sorted/1ga6_A.pdb
# Protein CA rmsd=  0.000
#  N |   RMSD    Ave    Med   f<0.5  f<1.0  f<1.5
 121 |  5.185  3.407  0.619  0.4628 0.5537 0.5620   0.338
 242 |  2.257  1.255  0.349  0.6116 0.7521 0.7769   0.377
 363 |  1.323  0.758  0.346  0.6446 0.8347 0.8678   0.413
 484 |  0.850  0.529  0.343  0.6777 0.9008 0.9504   0.426
 605 |  0.714  0.490  0.343  0.6860 0.9091 0.9587   0.426
 726 |  0.714  0.490  0.343  0.6860 0.9091 0.9587   0.426
 847 |  0.714  0.490  0.343  0.6860 0.9091 0.9587   0.426
 968 |  0.714  0.490  0.343  0.6860 0.9091 0.9587   0.426
1089 |  0.714  0.490  0.343  0.6860 0.9091 0.9587   0.426
1210 |  0.714  0.490  0.343  0.6860 0.9091 0.9587   0.426
1331 |  0.714  0.490  0.343  0.6860 0.9091 0.9587   0.426
1452 |  0.714  0.490  0.343  0.6860 0.9091 0.9587   0.426
1573 |  0.714  0.490  0.343  0.6860 0.9091 0.9587   0.426
1694 |  0.714  0.490  0.343  0.6860 0.9091 0.9587   0.426
1815 |  0.714  0.490  0.343  0.6860 0.9091 0.9587   0.426
1936 |  0.714  0.490  0.343  0.6860 0.9091 0.9587   0.426
2057 |  0.714  0.490  0.343  0.6860 0.9091 0.9587   0.426
2178 |  0.714  0.490  0.343  0.6860 0.9091 0.9587   0.426
2299 |  0.714  0.490  0.343  0.6860 0.9091 0.9587   0.426
2420 |  0.714  0.490  0.343  0.6860 0.9091 0.9587   0.426
2541 |  0.714  0.490  0.343  0.6860 0.9091 0.9587   0.426
2662 |  0.714  0.490  0.343  0.6860 0.9091 0.9587   0.426
2783 |  0.714  0.490  0.343  0.6860 0.9091 0.9587   0.426
2904 |  0.714  0.490  0.343  0.6860 0.9091 0.9587   0.426
3025 |  0.714  0.490  0.343  0.6860 0.9091 0.9587   0.426
3146 |  0.714  0.490  0.343  0.6860 0.9091 0.9587   0.426
3267 |  0.714  0.490  0.343  0.6860 0.9091 0.9587   0.426
3388 |  0.714  0.490  0.343  0.6860 0.9091 0.9587   0.426
3509 |  0.714  0.490  0.343  0.6860 0.9091 0.9587   0.426
3630 |  0.714  0.490  0.343  0.6860 0.9091 0.9587   0.426
3751 |  0.714  0.490  0.343  0.6860 0.9091 0.9587   0.426
3872 |  0.714  0.490  0.343  0.6860 0.9091 0.9587   0.426
3993 |  0.714  0.490  0.343  0.6860 0.9091 0.9587   0.426
4114 |  0.714  0.490  0.343  0.6860 0.9091 0.9587   0.426
4235 |  0.714  0.490  0.343  0.6860 0.9091 0.9587   0.426
4356 |  0.714  0.490  0.343  0.6860 0.9091 0.9587   0.426
4477 |  0.714  0.490  0.343  0.6860 0.9091 0.9587   0.426
4598 |  0.714  0.490  0.343  0.6860 0.9091 0.9587   0.426
4719 |  0.714  0.490  0.343  0.6860 0.9091 0.9587   0.426
4840 |  0.714  0.490  0.343  0.6860 0.9091 0.9587   0.426
4961 |  0.714  0.490  0.343  0.6860 0.9091 0.9587   0.426
5082 |  0.714  0.490  0.343  0.6860 0.9091 0.9587   0.426
5203 |  0.714  0.490  0.343  0.6860 0.9091 0.9587   0.426
5324 |  0.714  0.490  0.343  0.6860 0.9091 0.9587   0.426
5445 |  0.714  0.490  0.343  0.6860 0.9091 0.9587   0.426
5566 |  0.714  0.490  0.343  0.6860 0.9091 0.9587   0.426
5687 |  0.714  0.490  0.343  0.6860 0.9091 0.9587   0.426
5808 |  0.714  0.490  0.343  0.6860 0.9091 0.9587   0.426
5929 |  0.714  0.490  0.343  0.6860 0.9091 0.9587   0.426
 643 |  0.714  0.490  0.343  0.6860 0.9091 0.9587   0.426
#
