# Hydraprot_sorted/1gci_A.pdb
# Protein CA rmsd=  0.000
#  N |   RMSD    Ave    Med   f<0.5  f<1.0  f<1.5
  98 |  5.094  3.486  0.864  0.4592 0.5000 0.5306   0.328
 196 |  2.280  1.345  0.380  0.5714 0.6837 0.7551   0.418
 294 |  1.616  0.872  0.344  0.6122 0.7857 0.8878   0.454
 392 |  1.084  0.640  0.328  0.6327 0.8265 0.9388   0.462
 490 |  0.780  0.550  0.328  0.6327 0.8265 0.9592   0.476
 588 |  0.780  0.550  0.328  0.6327 0.8265 0.9592   0.476
 686 |  0.780  0.550  0.328  0.6327 0.8265 0.9592   0.476
 784 |  0.780  0.550  0.328  0.6327 0.8265 0.9592   0.476
 882 |  0.780  0.550  0.328  0.6327 0.8265 0.9592   0.476
 980 |  0.780  0.550  0.328  0.6327 0.8265 0.9592   0.476
1078 |  0.780  0.550  0.328  0.6327 0.8265 0.9592   0.476
1176 |  0.780  0.550  0.328  0.6327 0.8265 0.9592   0.476
1274 |  0.780  0.550  0.328  0.6327 0.8265 0.9592   0.476
1372 |  0.780  0.550  0.328  0.6327 0.8265 0.9592   0.476
1470 |  0.780  0.550  0.328  0.6327 0.8265 0.9592   0.476
1568 |  0.780  0.550  0.328  0.6327 0.8265 0.9592   0.476
1666 |  0.780  0.550  0.328  0.6327 0.8265 0.9592   0.476
1764 |  0.780  0.550  0.328  0.6327 0.8265 0.9592   0.476
1862 |  0.780  0.550  0.328  0.6327 0.8265 0.9592   0.476
1960 |  0.780  0.550  0.328  0.6327 0.8265 0.9592   0.476
2058 |  0.780  0.550  0.328  0.6327 0.8265 0.9592   0.476
2156 |  0.780  0.550  0.328  0.6327 0.8265 0.9592   0.476
2254 |  0.780  0.550  0.328  0.6327 0.8265 0.9592   0.476
2352 |  0.780  0.550  0.328  0.6327 0.8265 0.9592   0.476
2450 |  0.780  0.550  0.328  0.6327 0.8265 0.9592   0.476
2548 |  0.780  0.550  0.328  0.6327 0.8265 0.9592   0.476
2646 |  0.780  0.550  0.328  0.6327 0.8265 0.9592   0.476
2744 |  0.780  0.550  0.328  0.6327 0.8265 0.9592   0.476
2842 |  0.780  0.550  0.328  0.6327 0.8265 0.9592   0.476
2940 |  0.780  0.550  0.328  0.6327 0.8265 0.9592   0.476
3038 |  0.780  0.550  0.328  0.6327 0.8265 0.9592   0.476
3136 |  0.780  0.550  0.328  0.6327 0.8265 0.9592   0.476
3234 |  0.780  0.550  0.328  0.6327 0.8265 0.9592   0.476
3332 |  0.780  0.550  0.328  0.6327 0.8265 0.9592   0.476
3430 |  0.780  0.550  0.328  0.6327 0.8265 0.9592   0.476
3528 |  0.780  0.550  0.328  0.6327 0.8265 0.9592   0.476
3626 |  0.780  0.550  0.328  0.6327 0.8265 0.9592   0.476
3724 |  0.780  0.550  0.328  0.6327 0.8265 0.9592   0.476
3822 |  0.780  0.550  0.328  0.6327 0.8265 0.9592   0.476
3920 |  0.780  0.550  0.328  0.6327 0.8265 0.9592   0.476
4018 |  0.780  0.550  0.328  0.6327 0.8265 0.9592   0.476
4116 |  0.780  0.550  0.328  0.6327 0.8265 0.9592   0.476
4214 |  0.780  0.550  0.328  0.6327 0.8265 0.9592   0.476
4312 |  0.780  0.550  0.328  0.6327 0.8265 0.9592   0.476
4410 |  0.780  0.550  0.328  0.6327 0.8265 0.9592   0.476
4508 |  0.780  0.550  0.328  0.6327 0.8265 0.9592   0.476
4606 |  0.780  0.550  0.328  0.6327 0.8265 0.9592   0.476
4704 |  0.780  0.550  0.328  0.6327 0.8265 0.9592   0.476
4802 |  0.780  0.550  0.328  0.6327 0.8265 0.9592   0.476
 463 |  0.780  0.550  0.328  0.6327 0.8265 0.9592   0.476
#
