# Hydraprot_sorted/1i1w_A.pdb
# Protein CA rmsd=  0.000
#  N |   RMSD    Ave    Med   f<0.5  f<1.0  f<1.5
 127 |  4.677  2.899  0.440  0.5197 0.6063 0.6220   0.319
 254 |  1.818  0.994  0.341  0.6378 0.7795 0.8189   0.391
 381 |  1.041  0.612  0.339  0.6693 0.8504 0.8976   0.420
 508 |  0.767  0.512  0.339  0.6772 0.8740 0.9213   0.435
 635 |  0.767  0.512  0.339  0.6772 0.8740 0.9213   0.435
 762 |  0.767  0.512  0.339  0.6772 0.8740 0.9213   0.435
 889 |  0.767  0.512  0.339  0.6772 0.8740 0.9213   0.435
1016 |  0.767  0.512  0.339  0.6772 0.8740 0.9213   0.435
1143 |  0.767  0.512  0.339  0.6772 0.8740 0.9213   0.435
1270 |  0.767  0.512  0.339  0.6772 0.8740 0.9213   0.435
1397 |  0.767  0.512  0.339  0.6772 0.8740 0.9213   0.435
1524 |  0.767  0.512  0.339  0.6772 0.8740 0.9213   0.435
1651 |  0.767  0.512  0.339  0.6772 0.8740 0.9213   0.435
1778 |  0.767  0.512  0.339  0.6772 0.8740 0.9213   0.435
1905 |  0.767  0.512  0.339  0.6772 0.8740 0.9213   0.435
2032 |  0.767  0.512  0.339  0.6772 0.8740 0.9213   0.435
2159 |  0.767  0.512  0.339  0.6772 0.8740 0.9213   0.435
2286 |  0.767  0.512  0.339  0.6772 0.8740 0.9213   0.435
2413 |  0.767  0.512  0.339  0.6772 0.8740 0.9213   0.435
2540 |  0.767  0.512  0.339  0.6772 0.8740 0.9213   0.435
2667 |  0.767  0.512  0.339  0.6772 0.8740 0.9213   0.435
2794 |  0.767  0.512  0.339  0.6772 0.8740 0.9213   0.435
2921 |  0.767  0.512  0.339  0.6772 0.8740 0.9213   0.435
3048 |  0.767  0.512  0.339  0.6772 0.8740 0.9213   0.435
3175 |  0.767  0.512  0.339  0.6772 0.8740 0.9213   0.435
3302 |  0.767  0.512  0.339  0.6772 0.8740 0.9213   0.435
3429 |  0.767  0.512  0.339  0.6772 0.8740 0.9213   0.435
3556 |  0.767  0.512  0.339  0.6772 0.8740 0.9213   0.435
3683 |  0.767  0.512  0.339  0.6772 0.8740 0.9213   0.435
3810 |  0.767  0.512  0.339  0.6772 0.8740 0.9213   0.435
3937 |  0.767  0.512  0.339  0.6772 0.8740 0.9213   0.435
4064 |  0.767  0.512  0.339  0.6772 0.8740 0.9213   0.435
4191 |  0.767  0.512  0.339  0.6772 0.8740 0.9213   0.435
4318 |  0.767  0.512  0.339  0.6772 0.8740 0.9213   0.435
4445 |  0.767  0.512  0.339  0.6772 0.8740 0.9213   0.435
4572 |  0.767  0.512  0.339  0.6772 0.8740 0.9213   0.435
4699 |  0.767  0.512  0.339  0.6772 0.8740 0.9213   0.435
4826 |  0.767  0.512  0.339  0.6772 0.8740 0.9213   0.435
4953 |  0.767  0.512  0.339  0.6772 0.8740 0.9213   0.435
5080 |  0.767  0.512  0.339  0.6772 0.8740 0.9213   0.435
5207 |  0.767  0.512  0.339  0.6772 0.8740 0.9213   0.435
5334 |  0.767  0.512  0.339  0.6772 0.8740 0.9213   0.435
5461 |  0.767  0.512  0.339  0.6772 0.8740 0.9213   0.435
5588 |  0.767  0.512  0.339  0.6772 0.8740 0.9213   0.435
5715 |  0.767  0.512  0.339  0.6772 0.8740 0.9213   0.435
5842 |  0.767  0.512  0.339  0.6772 0.8740 0.9213   0.435
5969 |  0.767  0.512  0.339  0.6772 0.8740 0.9213   0.435
6096 |  0.767  0.512  0.339  0.6772 0.8740 0.9213   0.435
6223 |  0.767  0.512  0.339  0.6772 0.8740 0.9213   0.435
 544 |  0.767  0.512  0.339  0.6772 0.8740 0.9213   0.435
#
