# Hydraprot_sorted/1ix9_A.pdb
# Protein CA rmsd=  0.000
#  N |   RMSD    Ave    Med   f<0.5  f<1.0  f<1.5
 100 |  5.178  3.432  0.473  0.5100 0.5500 0.5500   0.254
 200 |  2.511  1.380  0.367  0.6100 0.7500 0.7600   0.346
 300 |  1.402  0.804  0.331  0.6400 0.8200 0.8600   0.389
 400 |  1.076  0.635  0.306  0.6600 0.8400 0.9200   0.421
 500 |  1.076  0.635  0.306  0.6600 0.8400 0.9200   0.421
 600 |  1.076  0.635  0.306  0.6600 0.8400 0.9200   0.421
 700 |  1.076  0.635  0.306  0.6600 0.8400 0.9200   0.421
 800 |  1.076  0.635  0.306  0.6600 0.8400 0.9200   0.421
 900 |  1.076  0.635  0.306  0.6600 0.8400 0.9200   0.421
1000 |  1.076  0.635  0.306  0.6600 0.8400 0.9200   0.421
1100 |  1.076  0.635  0.306  0.6600 0.8400 0.9200   0.421
1200 |  1.076  0.635  0.306  0.6600 0.8400 0.9200   0.421
1300 |  1.076  0.635  0.306  0.6600 0.8400 0.9200   0.421
1400 |  1.076  0.635  0.306  0.6600 0.8400 0.9200   0.421
1500 |  1.076  0.635  0.306  0.6600 0.8400 0.9200   0.421
1600 |  1.076  0.635  0.306  0.6600 0.8400 0.9200   0.421
1700 |  1.076  0.635  0.306  0.6600 0.8400 0.9200   0.421
1800 |  1.076  0.635  0.306  0.6600 0.8400 0.9200   0.421
1900 |  1.076  0.635  0.306  0.6600 0.8400 0.9200   0.421
2000 |  1.076  0.635  0.306  0.6600 0.8400 0.9200   0.421
2100 |  1.076  0.635  0.306  0.6600 0.8400 0.9200   0.421
2200 |  1.076  0.635  0.306  0.6600 0.8400 0.9200   0.421
2300 |  1.076  0.635  0.306  0.6600 0.8400 0.9200   0.421
2400 |  1.076  0.635  0.306  0.6600 0.8400 0.9200   0.421
2500 |  1.076  0.635  0.306  0.6600 0.8400 0.9200   0.421
2600 |  1.076  0.635  0.306  0.6600 0.8400 0.9200   0.421
2700 |  1.076  0.635  0.306  0.6600 0.8400 0.9200   0.421
2800 |  1.076  0.635  0.306  0.6600 0.8400 0.9200   0.421
2900 |  1.076  0.635  0.306  0.6600 0.8400 0.9200   0.421
3000 |  1.076  0.635  0.306  0.6600 0.8400 0.9200   0.421
3100 |  1.076  0.635  0.306  0.6600 0.8400 0.9200   0.421
3200 |  1.076  0.635  0.306  0.6600 0.8400 0.9200   0.421
3300 |  1.076  0.635  0.306  0.6600 0.8400 0.9200   0.421
3400 |  1.076  0.635  0.306  0.6600 0.8400 0.9200   0.421
3500 |  1.076  0.635  0.306  0.6600 0.8400 0.9200   0.421
3600 |  1.076  0.635  0.306  0.6600 0.8400 0.9200   0.421
3700 |  1.076  0.635  0.306  0.6600 0.8400 0.9200   0.421
3800 |  1.076  0.635  0.306  0.6600 0.8400 0.9200   0.421
3900 |  1.076  0.635  0.306  0.6600 0.8400 0.9200   0.421
4000 |  1.076  0.635  0.306  0.6600 0.8400 0.9200   0.421
4100 |  1.076  0.635  0.306  0.6600 0.8400 0.9200   0.421
4200 |  1.076  0.635  0.306  0.6600 0.8400 0.9200   0.421
4300 |  1.076  0.635  0.306  0.6600 0.8400 0.9200   0.421
4400 |  1.076  0.635  0.306  0.6600 0.8400 0.9200   0.421
4500 |  1.076  0.635  0.306  0.6600 0.8400 0.9200   0.421
4600 |  1.076  0.635  0.306  0.6600 0.8400 0.9200   0.421
4700 |  1.076  0.635  0.306  0.6600 0.8400 0.9200   0.421
4800 |  1.076  0.635  0.306  0.6600 0.8400 0.9200   0.421
4900 |  1.076  0.635  0.306  0.6600 0.8400 0.9200   0.421
 424 |  1.076  0.635  0.306  0.6600 0.8400 0.9200   0.421
#
