# Hydraprot_sorted/1j0p_A.pdb
# Protein CA rmsd=  0.000
#  N |   RMSD    Ave    Med   f<0.5  f<1.0  f<1.5
  46 |  5.461  3.814  2.366  0.4348 0.4783 0.4783   0.316
  92 |  3.457  2.141  0.428  0.5217 0.6087 0.6087   0.430
 138 |  1.879  1.106  0.365  0.6087 0.7174 0.7391   0.517
 184 |  1.475  0.854  0.365  0.6304 0.8043 0.8261   0.505
 230 |  1.082  0.689  0.365  0.6304 0.8478 0.8696   0.519
 276 |  1.055  0.674  0.365  0.6304 0.8478 0.8913   0.514
 322 |  1.055  0.674  0.365  0.6304 0.8478 0.8913   0.514
 368 |  1.055  0.674  0.365  0.6304 0.8478 0.8913   0.514
 414 |  1.055  0.674  0.365  0.6304 0.8478 0.8913   0.514
 460 |  1.055  0.674  0.365  0.6304 0.8478 0.8913   0.514
 506 |  1.055  0.674  0.365  0.6304 0.8478 0.8913   0.514
 552 |  1.055  0.674  0.365  0.6304 0.8478 0.8913   0.514
 598 |  1.055  0.674  0.365  0.6304 0.8478 0.8913   0.514
 644 |  1.055  0.674  0.365  0.6304 0.8478 0.8913   0.514
 690 |  1.055  0.674  0.365  0.6304 0.8478 0.8913   0.514
 736 |  1.055  0.674  0.365  0.6304 0.8478 0.8913   0.514
 782 |  1.055  0.674  0.365  0.6304 0.8478 0.8913   0.514
 828 |  1.055  0.674  0.365  0.6304 0.8478 0.8913   0.514
 874 |  1.055  0.674  0.365  0.6304 0.8478 0.8913   0.514
 920 |  1.055  0.674  0.365  0.6304 0.8478 0.8913   0.514
 966 |  1.055  0.674  0.365  0.6304 0.8478 0.8913   0.514
1012 |  1.055  0.674  0.365  0.6304 0.8478 0.8913   0.514
1058 |  1.055  0.674  0.365  0.6304 0.8478 0.8913   0.514
1104 |  1.055  0.674  0.365  0.6304 0.8478 0.8913   0.514
1150 |  1.055  0.674  0.365  0.6304 0.8478 0.8913   0.514
1196 |  1.055  0.674  0.365  0.6304 0.8478 0.8913   0.514
1242 |  1.055  0.674  0.365  0.6304 0.8478 0.8913   0.514
1288 |  1.055  0.674  0.365  0.6304 0.8478 0.8913   0.514
1334 |  1.055  0.674  0.365  0.6304 0.8478 0.8913   0.514
1380 |  1.055  0.674  0.365  0.6304 0.8478 0.8913   0.514
1426 |  1.055  0.674  0.365  0.6304 0.8478 0.8913   0.514
1472 |  1.055  0.674  0.365  0.6304 0.8478 0.8913   0.514
1518 |  1.055  0.674  0.365  0.6304 0.8478 0.8913   0.514
1564 |  1.055  0.674  0.365  0.6304 0.8478 0.8913   0.514
1610 |  1.055  0.674  0.365  0.6304 0.8478 0.8913   0.514
1656 |  1.055  0.674  0.365  0.6304 0.8478 0.8913   0.514
1702 |  1.055  0.674  0.365  0.6304 0.8478 0.8913   0.514
1748 |  1.055  0.674  0.365  0.6304 0.8478 0.8913   0.514
1794 |  1.055  0.674  0.365  0.6304 0.8478 0.8913   0.514
1840 |  1.055  0.674  0.365  0.6304 0.8478 0.8913   0.514
1886 |  1.055  0.674  0.365  0.6304 0.8478 0.8913   0.514
1932 |  1.055  0.674  0.365  0.6304 0.8478 0.8913   0.514
1978 |  1.055  0.674  0.365  0.6304 0.8478 0.8913   0.514
2024 |  1.055  0.674  0.365  0.6304 0.8478 0.8913   0.514
2070 |  1.055  0.674  0.365  0.6304 0.8478 0.8913   0.514
2116 |  1.055  0.674  0.365  0.6304 0.8478 0.8913   0.514
2162 |  1.055  0.674  0.365  0.6304 0.8478 0.8913   0.514
2208 |  1.055  0.674  0.365  0.6304 0.8478 0.8913   0.514
2254 |  1.055  0.674  0.365  0.6304 0.8478 0.8913   0.514
 262 |  1.055  0.674  0.365  0.6304 0.8478 0.8913   0.514
#
