# Hydraprot_sorted/1jfb_A.pdb
# Protein CA rmsd=  0.000
#  N |   RMSD    Ave    Med   f<0.5  f<1.0  f<1.5
 184 |  5.017  3.366  0.656  0.4457 0.5109 0.5326   0.336
 368 |  1.930  1.091  0.375  0.6141 0.7446 0.7989   0.419
 552 |  1.200  0.690  0.344  0.6685 0.8424 0.8967   0.441
 736 |  0.834  0.537  0.339  0.6848 0.8750 0.9402   0.459
 920 |  0.758  0.520  0.339  0.6848 0.8804 0.9457   0.454
1104 |  0.758  0.520  0.339  0.6848 0.8804 0.9457   0.454
1288 |  0.758  0.520  0.339  0.6848 0.8804 0.9457   0.454
1472 |  0.758  0.520  0.339  0.6848 0.8804 0.9457   0.454
1656 |  0.758  0.520  0.339  0.6848 0.8804 0.9457   0.454
1840 |  0.758  0.520  0.339  0.6848 0.8804 0.9457   0.454
2024 |  0.758  0.520  0.339  0.6848 0.8804 0.9457   0.454
2208 |  0.758  0.520  0.339  0.6848 0.8804 0.9457   0.454
2392 |  0.758  0.520  0.339  0.6848 0.8804 0.9457   0.454
2576 |  0.758  0.520  0.339  0.6848 0.8804 0.9457   0.454
2760 |  0.758  0.520  0.339  0.6848 0.8804 0.9457   0.454
2944 |  0.758  0.520  0.339  0.6848 0.8804 0.9457   0.454
3128 |  0.758  0.520  0.339  0.6848 0.8804 0.9457   0.454
3312 |  0.758  0.520  0.339  0.6848 0.8804 0.9457   0.454
3496 |  0.758  0.520  0.339  0.6848 0.8804 0.9457   0.454
3680 |  0.758  0.520  0.339  0.6848 0.8804 0.9457   0.454
3864 |  0.758  0.520  0.339  0.6848 0.8804 0.9457   0.454
4048 |  0.758  0.520  0.339  0.6848 0.8804 0.9457   0.454
4232 |  0.758  0.520  0.339  0.6848 0.8804 0.9457   0.454
4416 |  0.758  0.520  0.339  0.6848 0.8804 0.9457   0.454
4600 |  0.758  0.520  0.339  0.6848 0.8804 0.9457   0.454
4784 |  0.758  0.520  0.339  0.6848 0.8804 0.9457   0.454
4968 |  0.758  0.520  0.339  0.6848 0.8804 0.9457   0.454
5152 |  0.758  0.520  0.339  0.6848 0.8804 0.9457   0.454
5336 |  0.758  0.520  0.339  0.6848 0.8804 0.9457   0.454
5520 |  0.758  0.520  0.339  0.6848 0.8804 0.9457   0.454
5704 |  0.758  0.520  0.339  0.6848 0.8804 0.9457   0.454
5888 |  0.758  0.520  0.339  0.6848 0.8804 0.9457   0.454
6072 |  0.758  0.520  0.339  0.6848 0.8804 0.9457   0.454
6256 |  0.758  0.520  0.339  0.6848 0.8804 0.9457   0.454
6440 |  0.758  0.520  0.339  0.6848 0.8804 0.9457   0.454
6624 |  0.758  0.520  0.339  0.6848 0.8804 0.9457   0.454
6808 |  0.758  0.520  0.339  0.6848 0.8804 0.9457   0.454
6992 |  0.758  0.520  0.339  0.6848 0.8804 0.9457   0.454
7176 |  0.758  0.520  0.339  0.6848 0.8804 0.9457   0.454
7360 |  0.758  0.520  0.339  0.6848 0.8804 0.9457   0.454
7544 |  0.758  0.520  0.339  0.6848 0.8804 0.9457   0.454
7728 |  0.758  0.520  0.339  0.6848 0.8804 0.9457   0.454
7912 |  0.758  0.520  0.339  0.6848 0.8804 0.9457   0.454
8096 |  0.758  0.520  0.339  0.6848 0.8804 0.9457   0.454
8280 |  0.758  0.520  0.339  0.6848 0.8804 0.9457   0.454
8464 |  0.758  0.520  0.339  0.6848 0.8804 0.9457   0.454
8648 |  0.758  0.520  0.339  0.6848 0.8804 0.9457   0.454
8832 |  0.758  0.520  0.339  0.6848 0.8804 0.9457   0.454
9016 |  0.758  0.520  0.339  0.6848 0.8804 0.9457   0.454
 839 |  0.758  0.520  0.339  0.6848 0.8804 0.9457   0.454
#
