# Hydraprot_sorted/1k4i_A.pdb
# Protein CA rmsd=  0.000
#  N |   RMSD    Ave    Med   f<0.5  f<1.0  f<1.5
  83 |  5.226  3.457  0.632  0.4699 0.5181 0.5542   0.345
 166 |  2.144  1.175  0.351  0.6265 0.7229 0.8072   0.417
 249 |  1.224  0.727  0.315  0.6627 0.7952 0.8916   0.417
 332 |  1.058  0.641  0.315  0.6627 0.8193 0.9277   0.434
 415 |  0.877  0.573  0.315  0.6627 0.8313 0.9398   0.452
 498 |  0.877  0.573  0.315  0.6627 0.8313 0.9398   0.452
 581 |  0.877  0.573  0.315  0.6627 0.8313 0.9398   0.452
 664 |  0.877  0.573  0.315  0.6627 0.8313 0.9398   0.452
 747 |  0.877  0.573  0.315  0.6627 0.8313 0.9398   0.452
 830 |  0.877  0.573  0.315  0.6627 0.8313 0.9398   0.452
 913 |  0.877  0.573  0.315  0.6627 0.8313 0.9398   0.452
 996 |  0.877  0.573  0.315  0.6627 0.8313 0.9398   0.452
1079 |  0.877  0.573  0.315  0.6627 0.8313 0.9398   0.452
1162 |  0.877  0.573  0.315  0.6627 0.8313 0.9398   0.452
1245 |  0.877  0.573  0.315  0.6627 0.8313 0.9398   0.452
1328 |  0.877  0.573  0.315  0.6627 0.8313 0.9398   0.452
1411 |  0.877  0.573  0.315  0.6627 0.8313 0.9398   0.452
1494 |  0.877  0.573  0.315  0.6627 0.8313 0.9398   0.452
1577 |  0.877  0.573  0.315  0.6627 0.8313 0.9398   0.452
1660 |  0.877  0.573  0.315  0.6627 0.8313 0.9398   0.452
1743 |  0.877  0.573  0.315  0.6627 0.8313 0.9398   0.452
1826 |  0.877  0.573  0.315  0.6627 0.8313 0.9398   0.452
1909 |  0.877  0.573  0.315  0.6627 0.8313 0.9398   0.452
1992 |  0.877  0.573  0.315  0.6627 0.8313 0.9398   0.452
2075 |  0.877  0.573  0.315  0.6627 0.8313 0.9398   0.452
2158 |  0.877  0.573  0.315  0.6627 0.8313 0.9398   0.452
2241 |  0.877  0.573  0.315  0.6627 0.8313 0.9398   0.452
2324 |  0.877  0.573  0.315  0.6627 0.8313 0.9398   0.452
2407 |  0.877  0.573  0.315  0.6627 0.8313 0.9398   0.452
2490 |  0.877  0.573  0.315  0.6627 0.8313 0.9398   0.452
2573 |  0.877  0.573  0.315  0.6627 0.8313 0.9398   0.452
2656 |  0.877  0.573  0.315  0.6627 0.8313 0.9398   0.452
2739 |  0.877  0.573  0.315  0.6627 0.8313 0.9398   0.452
2822 |  0.877  0.573  0.315  0.6627 0.8313 0.9398   0.452
2905 |  0.877  0.573  0.315  0.6627 0.8313 0.9398   0.452
2988 |  0.877  0.573  0.315  0.6627 0.8313 0.9398   0.452
3071 |  0.877  0.573  0.315  0.6627 0.8313 0.9398   0.452
3154 |  0.877  0.573  0.315  0.6627 0.8313 0.9398   0.452
3237 |  0.877  0.573  0.315  0.6627 0.8313 0.9398   0.452
3320 |  0.877  0.573  0.315  0.6627 0.8313 0.9398   0.452
3403 |  0.877  0.573  0.315  0.6627 0.8313 0.9398   0.452
3486 |  0.877  0.573  0.315  0.6627 0.8313 0.9398   0.452
3569 |  0.877  0.573  0.315  0.6627 0.8313 0.9398   0.452
3652 |  0.877  0.573  0.315  0.6627 0.8313 0.9398   0.452
3735 |  0.877  0.573  0.315  0.6627 0.8313 0.9398   0.452
3818 |  0.877  0.573  0.315  0.6627 0.8313 0.9398   0.452
3901 |  0.877  0.573  0.315  0.6627 0.8313 0.9398   0.452
3984 |  0.877  0.573  0.315  0.6627 0.8313 0.9398   0.452
4067 |  0.877  0.573  0.315  0.6627 0.8313 0.9398   0.452
 425 |  0.877  0.573  0.315  0.6627 0.8313 0.9398   0.452
#
