# Hydraprot_sorted/1lkk_A.pdb
# Protein CA rmsd=  0.000
#  N |   RMSD    Ave    Med   f<0.5  f<1.0  f<1.5
  36 |  5.438  3.857  2.829  0.4167 0.4722 0.4722   0.285
  72 |  3.270  1.844  0.376  0.5556 0.6667 0.7500   0.429
 108 |  2.017  1.041  0.303  0.6389 0.7778 0.8611   0.475
 144 |  0.814  0.541  0.296  0.6944 0.8611 0.9444   0.463
 180 |  0.814  0.541  0.296  0.6944 0.8611 0.9444   0.463
 216 |  0.814  0.541  0.296  0.6944 0.8611 0.9444   0.463
 252 |  0.814  0.541  0.296  0.6944 0.8611 0.9444   0.463
 288 |  0.814  0.541  0.296  0.6944 0.8611 0.9444   0.463
 324 |  0.814  0.541  0.296  0.6944 0.8611 0.9444   0.463
 360 |  0.814  0.541  0.296  0.6944 0.8611 0.9444   0.463
 396 |  0.814  0.541  0.296  0.6944 0.8611 0.9444   0.463
 432 |  0.814  0.541  0.296  0.6944 0.8611 0.9444   0.463
 468 |  0.814  0.541  0.296  0.6944 0.8611 0.9444   0.463
 504 |  0.814  0.541  0.296  0.6944 0.8611 0.9444   0.463
 540 |  0.814  0.541  0.296  0.6944 0.8611 0.9444   0.463
 576 |  0.814  0.541  0.296  0.6944 0.8611 0.9444   0.463
 612 |  0.814  0.541  0.296  0.6944 0.8611 0.9444   0.463
 648 |  0.814  0.541  0.296  0.6944 0.8611 0.9444   0.463
 684 |  0.814  0.541  0.296  0.6944 0.8611 0.9444   0.463
 720 |  0.814  0.541  0.296  0.6944 0.8611 0.9444   0.463
 756 |  0.814  0.541  0.296  0.6944 0.8611 0.9444   0.463
 792 |  0.814  0.541  0.296  0.6944 0.8611 0.9444   0.463
 828 |  0.814  0.541  0.296  0.6944 0.8611 0.9444   0.463
 864 |  0.814  0.541  0.296  0.6944 0.8611 0.9444   0.463
 900 |  0.814  0.541  0.296  0.6944 0.8611 0.9444   0.463
 936 |  0.814  0.541  0.296  0.6944 0.8611 0.9444   0.463
 972 |  0.814  0.541  0.296  0.6944 0.8611 0.9444   0.463
1008 |  0.814  0.541  0.296  0.6944 0.8611 0.9444   0.463
1044 |  0.814  0.541  0.296  0.6944 0.8611 0.9444   0.463
1080 |  0.814  0.541  0.296  0.6944 0.8611 0.9444   0.463
1116 |  0.814  0.541  0.296  0.6944 0.8611 0.9444   0.463
1152 |  0.814  0.541  0.296  0.6944 0.8611 0.9444   0.463
1188 |  0.814  0.541  0.296  0.6944 0.8611 0.9444   0.463
1224 |  0.814  0.541  0.296  0.6944 0.8611 0.9444   0.463
1260 |  0.814  0.541  0.296  0.6944 0.8611 0.9444   0.463
1296 |  0.814  0.541  0.296  0.6944 0.8611 0.9444   0.463
1332 |  0.814  0.541  0.296  0.6944 0.8611 0.9444   0.463
1368 |  0.814  0.541  0.296  0.6944 0.8611 0.9444   0.463
1404 |  0.814  0.541  0.296  0.6944 0.8611 0.9444   0.463
1440 |  0.814  0.541  0.296  0.6944 0.8611 0.9444   0.463
1476 |  0.814  0.541  0.296  0.6944 0.8611 0.9444   0.463
1512 |  0.814  0.541  0.296  0.6944 0.8611 0.9444   0.463
1548 |  0.814  0.541  0.296  0.6944 0.8611 0.9444   0.463
1584 |  0.814  0.541  0.296  0.6944 0.8611 0.9444   0.463
1620 |  0.814  0.541  0.296  0.6944 0.8611 0.9444   0.463
1656 |  0.814  0.541  0.296  0.6944 0.8611 0.9444   0.463
1692 |  0.814  0.541  0.296  0.6944 0.8611 0.9444   0.463
1728 |  0.814  0.541  0.296  0.6944 0.8611 0.9444   0.463
1764 |  0.814  0.541  0.296  0.6944 0.8611 0.9444   0.463
 230 |  0.814  0.541  0.296  0.6944 0.8611 0.9444   0.463
#
