# Hydraprot_sorted/1m40_A.pdb
# Protein CA rmsd=  0.000
#  N |   RMSD    Ave    Med   f<0.5  f<1.0  f<1.5
 116 |  4.964  3.308  0.853  0.4310 0.5172 0.5517   0.394
 232 |  2.379  1.302  0.436  0.5776 0.7328 0.7759   0.425
 348 |  1.440  0.823  0.426  0.5948 0.8190 0.8707   0.456
 464 |  0.815  0.575  0.426  0.6207 0.8534 0.9397   0.497
 580 |  0.815  0.575  0.426  0.6207 0.8534 0.9397   0.497
 696 |  0.815  0.575  0.426  0.6207 0.8534 0.9397   0.497
 812 |  0.815  0.575  0.426  0.6207 0.8534 0.9397   0.497
 928 |  0.815  0.575  0.426  0.6207 0.8534 0.9397   0.497
1044 |  0.815  0.575  0.426  0.6207 0.8534 0.9397   0.497
1160 |  0.815  0.575  0.426  0.6207 0.8534 0.9397   0.497
1276 |  0.815  0.575  0.426  0.6207 0.8534 0.9397   0.497
1392 |  0.815  0.575  0.426  0.6207 0.8534 0.9397   0.497
1508 |  0.815  0.575  0.426  0.6207 0.8534 0.9397   0.497
1624 |  0.815  0.575  0.426  0.6207 0.8534 0.9397   0.497
1740 |  0.815  0.575  0.426  0.6207 0.8534 0.9397   0.497
1856 |  0.815  0.575  0.426  0.6207 0.8534 0.9397   0.497
1972 |  0.815  0.575  0.426  0.6207 0.8534 0.9397   0.497
2088 |  0.815  0.575  0.426  0.6207 0.8534 0.9397   0.497
2204 |  0.815  0.575  0.426  0.6207 0.8534 0.9397   0.497
2320 |  0.815  0.575  0.426  0.6207 0.8534 0.9397   0.497
2436 |  0.815  0.575  0.426  0.6207 0.8534 0.9397   0.497
2552 |  0.815  0.575  0.426  0.6207 0.8534 0.9397   0.497
2668 |  0.815  0.575  0.426  0.6207 0.8534 0.9397   0.497
2784 |  0.815  0.575  0.426  0.6207 0.8534 0.9397   0.497
2900 |  0.815  0.575  0.426  0.6207 0.8534 0.9397   0.497
3016 |  0.815  0.575  0.426  0.6207 0.8534 0.9397   0.497
3132 |  0.815  0.575  0.426  0.6207 0.8534 0.9397   0.497
3248 |  0.815  0.575  0.426  0.6207 0.8534 0.9397   0.497
3364 |  0.815  0.575  0.426  0.6207 0.8534 0.9397   0.497
3480 |  0.815  0.575  0.426  0.6207 0.8534 0.9397   0.497
3596 |  0.815  0.575  0.426  0.6207 0.8534 0.9397   0.497
3712 |  0.815  0.575  0.426  0.6207 0.8534 0.9397   0.497
3828 |  0.815  0.575  0.426  0.6207 0.8534 0.9397   0.497
3944 |  0.815  0.575  0.426  0.6207 0.8534 0.9397   0.497
4060 |  0.815  0.575  0.426  0.6207 0.8534 0.9397   0.497
4176 |  0.815  0.575  0.426  0.6207 0.8534 0.9397   0.497
4292 |  0.815  0.575  0.426  0.6207 0.8534 0.9397   0.497
4408 |  0.815  0.575  0.426  0.6207 0.8534 0.9397   0.497
4524 |  0.815  0.575  0.426  0.6207 0.8534 0.9397   0.497
4640 |  0.815  0.575  0.426  0.6207 0.8534 0.9397   0.497
4756 |  0.815  0.575  0.426  0.6207 0.8534 0.9397   0.497
4872 |  0.815  0.575  0.426  0.6207 0.8534 0.9397   0.497
4988 |  0.815  0.575  0.426  0.6207 0.8534 0.9397   0.497
5104 |  0.815  0.575  0.426  0.6207 0.8534 0.9397   0.497
5220 |  0.815  0.575  0.426  0.6207 0.8534 0.9397   0.497
5336 |  0.815  0.575  0.426  0.6207 0.8534 0.9397   0.497
5452 |  0.815  0.575  0.426  0.6207 0.8534 0.9397   0.497
5568 |  0.815  0.575  0.426  0.6207 0.8534 0.9397   0.497
5684 |  0.815  0.575  0.426  0.6207 0.8534 0.9397   0.497
 506 |  0.815  0.575  0.426  0.6207 0.8534 0.9397   0.497
#
