# Hydraprot_sorted/1mc2_A.pdb
# Protein CA rmsd=  0.000
#  N |   RMSD    Ave    Med   f<0.5  f<1.0  f<1.5
  54 |  5.417  3.725  0.970  0.4074 0.5000 0.5185   0.373
 108 |  2.281  1.405  0.464  0.5185 0.6852 0.7222   0.468
 162 |  1.491  0.867  0.420  0.5926 0.7963 0.8519   0.509
 216 |  1.025  0.697  0.420  0.5926 0.8333 0.8889   0.511
 270 |  0.733  0.556  0.420  0.6111 0.8889 0.9630   0.511
 324 |  0.733  0.556  0.420  0.6111 0.8889 0.9630   0.511
 378 |  0.733  0.556  0.420  0.6111 0.8889 0.9630   0.511
 432 |  0.733  0.556  0.420  0.6111 0.8889 0.9630   0.511
 486 |  0.733  0.556  0.420  0.6111 0.8889 0.9630   0.511
 540 |  0.733  0.556  0.420  0.6111 0.8889 0.9630   0.511
 594 |  0.733  0.556  0.420  0.6111 0.8889 0.9630   0.511
 648 |  0.733  0.556  0.420  0.6111 0.8889 0.9630   0.511
 702 |  0.733  0.556  0.420  0.6111 0.8889 0.9630   0.511
 756 |  0.733  0.556  0.420  0.6111 0.8889 0.9630   0.511
 810 |  0.733  0.556  0.420  0.6111 0.8889 0.9630   0.511
 864 |  0.733  0.556  0.420  0.6111 0.8889 0.9630   0.511
 918 |  0.733  0.556  0.420  0.6111 0.8889 0.9630   0.511
 972 |  0.733  0.556  0.420  0.6111 0.8889 0.9630   0.511
1026 |  0.733  0.556  0.420  0.6111 0.8889 0.9630   0.511
1080 |  0.733  0.556  0.420  0.6111 0.8889 0.9630   0.511
1134 |  0.733  0.556  0.420  0.6111 0.8889 0.9630   0.511
1188 |  0.733  0.556  0.420  0.6111 0.8889 0.9630   0.511
1242 |  0.733  0.556  0.420  0.6111 0.8889 0.9630   0.511
1296 |  0.733  0.556  0.420  0.6111 0.8889 0.9630   0.511
1350 |  0.733  0.556  0.420  0.6111 0.8889 0.9630   0.511
1404 |  0.733  0.556  0.420  0.6111 0.8889 0.9630   0.511
1458 |  0.733  0.556  0.420  0.6111 0.8889 0.9630   0.511
1512 |  0.733  0.556  0.420  0.6111 0.8889 0.9630   0.511
1566 |  0.733  0.556  0.420  0.6111 0.8889 0.9630   0.511
1620 |  0.733  0.556  0.420  0.6111 0.8889 0.9630   0.511
1674 |  0.733  0.556  0.420  0.6111 0.8889 0.9630   0.511
1728 |  0.733  0.556  0.420  0.6111 0.8889 0.9630   0.511
1782 |  0.733  0.556  0.420  0.6111 0.8889 0.9630   0.511
1836 |  0.733  0.556  0.420  0.6111 0.8889 0.9630   0.511
1890 |  0.733  0.556  0.420  0.6111 0.8889 0.9630   0.511
1944 |  0.733  0.556  0.420  0.6111 0.8889 0.9630   0.511
1998 |  0.733  0.556  0.420  0.6111 0.8889 0.9630   0.511
2052 |  0.733  0.556  0.420  0.6111 0.8889 0.9630   0.511
2106 |  0.733  0.556  0.420  0.6111 0.8889 0.9630   0.511
2160 |  0.733  0.556  0.420  0.6111 0.8889 0.9630   0.511
2214 |  0.733  0.556  0.420  0.6111 0.8889 0.9630   0.511
2268 |  0.733  0.556  0.420  0.6111 0.8889 0.9630   0.511
2322 |  0.733  0.556  0.420  0.6111 0.8889 0.9630   0.511
2376 |  0.733  0.556  0.420  0.6111 0.8889 0.9630   0.511
2430 |  0.733  0.556  0.420  0.6111 0.8889 0.9630   0.511
2484 |  0.733  0.556  0.420  0.6111 0.8889 0.9630   0.511
2538 |  0.733  0.556  0.420  0.6111 0.8889 0.9630   0.511
2592 |  0.733  0.556  0.420  0.6111 0.8889 0.9630   0.511
2646 |  0.733  0.556  0.420  0.6111 0.8889 0.9630   0.511
 273 |  0.733  0.556  0.420  0.6111 0.8889 0.9630   0.511
#
