# Hydraprot_sorted/1mj5_A.pdb
# Protein CA rmsd=  0.000
#  N |   RMSD    Ave    Med   f<0.5  f<1.0  f<1.5
 129 |  4.633  2.932  0.492  0.5039 0.6047 0.6124   0.333
 258 |  1.744  0.957  0.370  0.6279 0.8217 0.8295   0.407
 387 |  0.965  0.600  0.364  0.6589 0.8837 0.8992   0.434
 516 |  0.717  0.498  0.352  0.6822 0.9225 0.9380   0.426
 645 |  0.717  0.498  0.352  0.6822 0.9225 0.9380   0.426
 774 |  0.717  0.498  0.352  0.6822 0.9225 0.9380   0.426
 903 |  0.717  0.498  0.352  0.6822 0.9225 0.9380   0.426
1032 |  0.717  0.498  0.352  0.6822 0.9225 0.9380   0.426
1161 |  0.717  0.498  0.352  0.6822 0.9225 0.9380   0.426
1290 |  0.717  0.498  0.352  0.6822 0.9225 0.9380   0.426
1419 |  0.717  0.498  0.352  0.6822 0.9225 0.9380   0.426
1548 |  0.717  0.498  0.352  0.6822 0.9225 0.9380   0.426
1677 |  0.717  0.498  0.352  0.6822 0.9225 0.9380   0.426
1806 |  0.717  0.498  0.352  0.6822 0.9225 0.9380   0.426
1935 |  0.717  0.498  0.352  0.6822 0.9225 0.9380   0.426
2064 |  0.717  0.498  0.352  0.6822 0.9225 0.9380   0.426
2193 |  0.717  0.498  0.352  0.6822 0.9225 0.9380   0.426
2322 |  0.717  0.498  0.352  0.6822 0.9225 0.9380   0.426
2451 |  0.717  0.498  0.352  0.6822 0.9225 0.9380   0.426
2580 |  0.717  0.498  0.352  0.6822 0.9225 0.9380   0.426
2709 |  0.717  0.498  0.352  0.6822 0.9225 0.9380   0.426
2838 |  0.717  0.498  0.352  0.6822 0.9225 0.9380   0.426
2967 |  0.717  0.498  0.352  0.6822 0.9225 0.9380   0.426
3096 |  0.717  0.498  0.352  0.6822 0.9225 0.9380   0.426
3225 |  0.717  0.498  0.352  0.6822 0.9225 0.9380   0.426
3354 |  0.717  0.498  0.352  0.6822 0.9225 0.9380   0.426
3483 |  0.717  0.498  0.352  0.6822 0.9225 0.9380   0.426
3612 |  0.717  0.498  0.352  0.6822 0.9225 0.9380   0.426
3741 |  0.717  0.498  0.352  0.6822 0.9225 0.9380   0.426
3870 |  0.717  0.498  0.352  0.6822 0.9225 0.9380   0.426
3999 |  0.717  0.498  0.352  0.6822 0.9225 0.9380   0.426
4128 |  0.717  0.498  0.352  0.6822 0.9225 0.9380   0.426
4257 |  0.717  0.498  0.352  0.6822 0.9225 0.9380   0.426
4386 |  0.717  0.498  0.352  0.6822 0.9225 0.9380   0.426
4515 |  0.717  0.498  0.352  0.6822 0.9225 0.9380   0.426
4644 |  0.717  0.498  0.352  0.6822 0.9225 0.9380   0.426
4773 |  0.717  0.498  0.352  0.6822 0.9225 0.9380   0.426
4902 |  0.717  0.498  0.352  0.6822 0.9225 0.9380   0.426
5031 |  0.717  0.498  0.352  0.6822 0.9225 0.9380   0.426
5160 |  0.717  0.498  0.352  0.6822 0.9225 0.9380   0.426
5289 |  0.717  0.498  0.352  0.6822 0.9225 0.9380   0.426
5418 |  0.717  0.498  0.352  0.6822 0.9225 0.9380   0.426
5547 |  0.717  0.498  0.352  0.6822 0.9225 0.9380   0.426
5676 |  0.717  0.498  0.352  0.6822 0.9225 0.9380   0.426
5805 |  0.717  0.498  0.352  0.6822 0.9225 0.9380   0.426
5934 |  0.717  0.498  0.352  0.6822 0.9225 0.9380   0.426
6063 |  0.717  0.498  0.352  0.6822 0.9225 0.9380   0.426
6192 |  0.717  0.498  0.352  0.6822 0.9225 0.9380   0.426
6321 |  0.717  0.498  0.352  0.6822 0.9225 0.9380   0.426
 539 |  0.717  0.498  0.352  0.6822 0.9225 0.9380   0.426
#
