# Hydraprot_sorted/1mn8_A.pdb
# Protein CA rmsd=  0.000
#  N |   RMSD    Ave    Med   f<0.5  f<1.0  f<1.5
  35 |  5.599  3.698  0.419  0.5143 0.5429 0.5714   0.305
  70 |  2.656  1.568  0.359  0.6000 0.6571 0.6857   0.429
 105 |  2.215  1.305  0.359  0.6000 0.6857 0.7429   0.439
 140 |  1.810  1.092  0.359  0.6286 0.7143 0.7714   0.438
 175 |  1.540  0.954  0.359  0.6286 0.7429 0.8000   0.455
 210 |  1.183  0.788  0.359  0.6286 0.7429 0.8571   0.515
 245 |  1.183  0.788  0.359  0.6286 0.7429 0.8571   0.515
 280 |  1.183  0.788  0.359  0.6286 0.7429 0.8571   0.515
 315 |  1.183  0.788  0.359  0.6286 0.7429 0.8571   0.515
 350 |  1.183  0.788  0.359  0.6286 0.7429 0.8571   0.515
 385 |  1.183  0.788  0.359  0.6286 0.7429 0.8571   0.515
 420 |  1.183  0.788  0.359  0.6286 0.7429 0.8571   0.515
 455 |  1.183  0.788  0.359  0.6286 0.7429 0.8571   0.515
 490 |  1.183  0.788  0.359  0.6286 0.7429 0.8571   0.515
 525 |  1.183  0.788  0.359  0.6286 0.7429 0.8571   0.515
 560 |  1.183  0.788  0.359  0.6286 0.7429 0.8571   0.515
 595 |  1.183  0.788  0.359  0.6286 0.7429 0.8571   0.515
 630 |  1.183  0.788  0.359  0.6286 0.7429 0.8571   0.515
 665 |  1.183  0.788  0.359  0.6286 0.7429 0.8571   0.515
 700 |  1.183  0.788  0.359  0.6286 0.7429 0.8571   0.515
 735 |  1.183  0.788  0.359  0.6286 0.7429 0.8571   0.515
 770 |  1.183  0.788  0.359  0.6286 0.7429 0.8571   0.515
 805 |  1.183  0.788  0.359  0.6286 0.7429 0.8571   0.515
 840 |  1.183  0.788  0.359  0.6286 0.7429 0.8571   0.515
 875 |  1.183  0.788  0.359  0.6286 0.7429 0.8571   0.515
 910 |  1.183  0.788  0.359  0.6286 0.7429 0.8571   0.515
 945 |  1.183  0.788  0.359  0.6286 0.7429 0.8571   0.515
 980 |  1.183  0.788  0.359  0.6286 0.7429 0.8571   0.515
1015 |  1.183  0.788  0.359  0.6286 0.7429 0.8571   0.515
1050 |  1.183  0.788  0.359  0.6286 0.7429 0.8571   0.515
1085 |  1.183  0.788  0.359  0.6286 0.7429 0.8571   0.515
1120 |  1.183  0.788  0.359  0.6286 0.7429 0.8571   0.515
1155 |  1.183  0.788  0.359  0.6286 0.7429 0.8571   0.515
1190 |  1.183  0.788  0.359  0.6286 0.7429 0.8571   0.515
1225 |  1.183  0.788  0.359  0.6286 0.7429 0.8571   0.515
1260 |  1.183  0.788  0.359  0.6286 0.7429 0.8571   0.515
1295 |  1.183  0.788  0.359  0.6286 0.7429 0.8571   0.515
1330 |  1.183  0.788  0.359  0.6286 0.7429 0.8571   0.515
1365 |  1.183  0.788  0.359  0.6286 0.7429 0.8571   0.515
1400 |  1.183  0.788  0.359  0.6286 0.7429 0.8571   0.515
1435 |  1.183  0.788  0.359  0.6286 0.7429 0.8571   0.515
1470 |  1.183  0.788  0.359  0.6286 0.7429 0.8571   0.515
1505 |  1.183  0.788  0.359  0.6286 0.7429 0.8571   0.515
1540 |  1.183  0.788  0.359  0.6286 0.7429 0.8571   0.515
1575 |  1.183  0.788  0.359  0.6286 0.7429 0.8571   0.515
1610 |  1.183  0.788  0.359  0.6286 0.7429 0.8571   0.515
1645 |  1.183  0.788  0.359  0.6286 0.7429 0.8571   0.515
1680 |  1.183  0.788  0.359  0.6286 0.7429 0.8571   0.515
1715 |  1.183  0.788  0.359  0.6286 0.7429 0.8571   0.515
 205 |  1.183  0.788  0.359  0.6286 0.7429 0.8571   0.515
#
