# Hydraprot_sorted/1muw_A.pdb
# Protein CA rmsd=  0.000
#  N |   RMSD    Ave    Med   f<0.5  f<1.0  f<1.5
 118 |  5.605  3.954  2.325  0.3898 0.4576 0.4661   0.382
 236 |  3.119  1.965  0.526  0.4831 0.6271 0.6441   0.367
 354 |  1.785  1.012  0.374  0.5593 0.7881 0.8136   0.429
 472 |  1.317  0.729  0.373  0.6017 0.8729 0.8983   0.439
 590 |  1.026  0.610  0.370  0.6271 0.8983 0.9237   0.438
 708 |  0.918  0.570  0.370  0.6271 0.9068 0.9322   0.439
 826 |  0.918  0.570  0.370  0.6271 0.9068 0.9322   0.439
 944 |  0.918  0.570  0.370  0.6271 0.9068 0.9322   0.439
1062 |  0.918  0.570  0.370  0.6271 0.9068 0.9322   0.439
1180 |  0.918  0.570  0.370  0.6271 0.9068 0.9322   0.439
1298 |  0.918  0.570  0.370  0.6271 0.9068 0.9322   0.439
1416 |  0.918  0.570  0.370  0.6271 0.9068 0.9322   0.439
1534 |  0.918  0.570  0.370  0.6271 0.9068 0.9322   0.439
1652 |  0.918  0.570  0.370  0.6271 0.9068 0.9322   0.439
1770 |  0.918  0.570  0.370  0.6271 0.9068 0.9322   0.439
1888 |  0.918  0.570  0.370  0.6271 0.9068 0.9322   0.439
2006 |  0.918  0.570  0.370  0.6271 0.9068 0.9322   0.439
2124 |  0.918  0.570  0.370  0.6271 0.9068 0.9322   0.439
2242 |  0.918  0.570  0.370  0.6271 0.9068 0.9322   0.439
2360 |  0.918  0.570  0.370  0.6271 0.9068 0.9322   0.439
2478 |  0.918  0.570  0.370  0.6271 0.9068 0.9322   0.439
2596 |  0.918  0.570  0.370  0.6271 0.9068 0.9322   0.439
2714 |  0.918  0.570  0.370  0.6271 0.9068 0.9322   0.439
2832 |  0.918  0.570  0.370  0.6271 0.9068 0.9322   0.439
2950 |  0.918  0.570  0.370  0.6271 0.9068 0.9322   0.439
3068 |  0.918  0.570  0.370  0.6271 0.9068 0.9322   0.439
3186 |  0.918  0.570  0.370  0.6271 0.9068 0.9322   0.439
3304 |  0.918  0.570  0.370  0.6271 0.9068 0.9322   0.439
3422 |  0.918  0.570  0.370  0.6271 0.9068 0.9322   0.439
3540 |  0.918  0.570  0.370  0.6271 0.9068 0.9322   0.439
3658 |  0.918  0.570  0.370  0.6271 0.9068 0.9322   0.439
3776 |  0.918  0.570  0.370  0.6271 0.9068 0.9322   0.439
3894 |  0.918  0.570  0.370  0.6271 0.9068 0.9322   0.439
4012 |  0.918  0.570  0.370  0.6271 0.9068 0.9322   0.439
4130 |  0.918  0.570  0.370  0.6271 0.9068 0.9322   0.439
4248 |  0.918  0.570  0.370  0.6271 0.9068 0.9322   0.439
4366 |  0.918  0.570  0.370  0.6271 0.9068 0.9322   0.439
4484 |  0.918  0.570  0.370  0.6271 0.9068 0.9322   0.439
4602 |  0.918  0.570  0.370  0.6271 0.9068 0.9322   0.439
4720 |  0.918  0.570  0.370  0.6271 0.9068 0.9322   0.439
4838 |  0.918  0.570  0.370  0.6271 0.9068 0.9322   0.439
4956 |  0.918  0.570  0.370  0.6271 0.9068 0.9322   0.439
5074 |  0.918  0.570  0.370  0.6271 0.9068 0.9322   0.439
5192 |  0.918  0.570  0.370  0.6271 0.9068 0.9322   0.439
5310 |  0.918  0.570  0.370  0.6271 0.9068 0.9322   0.439
5428 |  0.918  0.570  0.370  0.6271 0.9068 0.9322   0.439
5546 |  0.918  0.570  0.370  0.6271 0.9068 0.9322   0.439
5664 |  0.918  0.570  0.370  0.6271 0.9068 0.9322   0.439
5782 |  0.918  0.570  0.370  0.6271 0.9068 0.9322   0.439
 783 |  0.918  0.570  0.370  0.6271 0.9068 0.9322   0.439
#
