# Hydraprot_sorted/1nki_A.pdb
# Protein CA rmsd=  0.000
#  N |   RMSD    Ave    Med   f<0.5  f<1.0  f<1.5
  44 |  5.896  4.079  2.085  0.4773 0.4773 0.4773   0.293
  88 |  3.904  2.309  0.348  0.5682 0.6364 0.6364   0.342
 132 |  2.178  1.270  0.317  0.6136 0.7500 0.7500   0.321
 176 |  1.685  0.926  0.310  0.6818 0.8409 0.8409   0.332
 220 |  1.213  0.713  0.310  0.6818 0.8409 0.8636   0.387
 264 |  0.952  0.549  0.307  0.7273 0.9091 0.9318   0.396
 308 |  0.952  0.549  0.307  0.7273 0.9091 0.9318   0.396
 352 |  0.952  0.549  0.307  0.7273 0.9091 0.9318   0.396
 396 |  0.952  0.549  0.307  0.7273 0.9091 0.9318   0.396
 440 |  0.952  0.549  0.307  0.7273 0.9091 0.9318   0.396
 484 |  0.952  0.549  0.307  0.7273 0.9091 0.9318   0.396
 528 |  0.952  0.549  0.307  0.7273 0.9091 0.9318   0.396
 572 |  0.952  0.549  0.307  0.7273 0.9091 0.9318   0.396
 616 |  0.952  0.549  0.307  0.7273 0.9091 0.9318   0.396
 660 |  0.952  0.549  0.307  0.7273 0.9091 0.9318   0.396
 704 |  0.952  0.549  0.307  0.7273 0.9091 0.9318   0.396
 748 |  0.952  0.549  0.307  0.7273 0.9091 0.9318   0.396
 792 |  0.952  0.549  0.307  0.7273 0.9091 0.9318   0.396
 836 |  0.952  0.549  0.307  0.7273 0.9091 0.9318   0.396
 880 |  0.952  0.549  0.307  0.7273 0.9091 0.9318   0.396
 924 |  0.952  0.549  0.307  0.7273 0.9091 0.9318   0.396
 968 |  0.952  0.549  0.307  0.7273 0.9091 0.9318   0.396
1012 |  0.952  0.549  0.307  0.7273 0.9091 0.9318   0.396
1056 |  0.952  0.549  0.307  0.7273 0.9091 0.9318   0.396
1100 |  0.952  0.549  0.307  0.7273 0.9091 0.9318   0.396
1144 |  0.952  0.549  0.307  0.7273 0.9091 0.9318   0.396
1188 |  0.952  0.549  0.307  0.7273 0.9091 0.9318   0.396
1232 |  0.952  0.549  0.307  0.7273 0.9091 0.9318   0.396
1276 |  0.952  0.549  0.307  0.7273 0.9091 0.9318   0.396
1320 |  0.952  0.549  0.307  0.7273 0.9091 0.9318   0.396
1364 |  0.952  0.549  0.307  0.7273 0.9091 0.9318   0.396
1408 |  0.952  0.549  0.307  0.7273 0.9091 0.9318   0.396
1452 |  0.952  0.549  0.307  0.7273 0.9091 0.9318   0.396
1496 |  0.952  0.549  0.307  0.7273 0.9091 0.9318   0.396
1540 |  0.952  0.549  0.307  0.7273 0.9091 0.9318   0.396
1584 |  0.952  0.549  0.307  0.7273 0.9091 0.9318   0.396
1628 |  0.952  0.549  0.307  0.7273 0.9091 0.9318   0.396
1672 |  0.952  0.549  0.307  0.7273 0.9091 0.9318   0.396
1716 |  0.952  0.549  0.307  0.7273 0.9091 0.9318   0.396
1760 |  0.952  0.549  0.307  0.7273 0.9091 0.9318   0.396
1804 |  0.952  0.549  0.307  0.7273 0.9091 0.9318   0.396
1848 |  0.952  0.549  0.307  0.7273 0.9091 0.9318   0.396
1892 |  0.952  0.549  0.307  0.7273 0.9091 0.9318   0.396
1936 |  0.952  0.549  0.307  0.7273 0.9091 0.9318   0.396
1980 |  0.952  0.549  0.307  0.7273 0.9091 0.9318   0.396
2024 |  0.952  0.549  0.307  0.7273 0.9091 0.9318   0.396
2068 |  0.952  0.549  0.307  0.7273 0.9091 0.9318   0.396
2112 |  0.952  0.549  0.307  0.7273 0.9091 0.9318   0.396
2156 |  0.952  0.549  0.307  0.7273 0.9091 0.9318   0.396
 307 |  0.952  0.549  0.307  0.7273 0.9091 0.9318   0.396
#
