# Hydraprot_sorted/1nwz_A.pdb
# Protein CA rmsd=  0.000
#  N |   RMSD    Ave    Med   f<0.5  f<1.0  f<1.5
  40 |  6.149  4.606  4.144  0.3750 0.3750 0.4000   0.320
  80 |  3.346  2.185  0.593  0.4500 0.5750 0.6000   0.398
 120 |  2.071  1.243  0.445  0.5750 0.7250 0.7500   0.441
 160 |  1.547  0.901  0.415  0.6250 0.8000 0.8500   0.469
 200 |  1.333  0.742  0.389  0.6750 0.8500 0.9000   0.457
 240 |  0.796  0.567  0.389  0.6750 0.8750 0.9250   0.466
 280 |  0.796  0.567  0.389  0.6750 0.8750 0.9250   0.466
 320 |  0.796  0.567  0.389  0.6750 0.8750 0.9250   0.466
 360 |  0.796  0.567  0.389  0.6750 0.8750 0.9250   0.466
 400 |  0.796  0.567  0.389  0.6750 0.8750 0.9250   0.466
 440 |  0.796  0.567  0.389  0.6750 0.8750 0.9250   0.466
 480 |  0.796  0.567  0.389  0.6750 0.8750 0.9250   0.466
 520 |  0.796  0.567  0.389  0.6750 0.8750 0.9250   0.466
 560 |  0.796  0.567  0.389  0.6750 0.8750 0.9250   0.466
 600 |  0.796  0.567  0.389  0.6750 0.8750 0.9250   0.466
 640 |  0.796  0.567  0.389  0.6750 0.8750 0.9250   0.466
 680 |  0.796  0.567  0.389  0.6750 0.8750 0.9250   0.466
 720 |  0.796  0.567  0.389  0.6750 0.8750 0.9250   0.466
 760 |  0.796  0.567  0.389  0.6750 0.8750 0.9250   0.466
 800 |  0.796  0.567  0.389  0.6750 0.8750 0.9250   0.466
 840 |  0.796  0.567  0.389  0.6750 0.8750 0.9250   0.466
 880 |  0.796  0.567  0.389  0.6750 0.8750 0.9250   0.466
 920 |  0.796  0.567  0.389  0.6750 0.8750 0.9250   0.466
 960 |  0.796  0.567  0.389  0.6750 0.8750 0.9250   0.466
1000 |  0.796  0.567  0.389  0.6750 0.8750 0.9250   0.466
1040 |  0.796  0.567  0.389  0.6750 0.8750 0.9250   0.466
1080 |  0.796  0.567  0.389  0.6750 0.8750 0.9250   0.466
1120 |  0.796  0.567  0.389  0.6750 0.8750 0.9250   0.466
1160 |  0.796  0.567  0.389  0.6750 0.8750 0.9250   0.466
1200 |  0.796  0.567  0.389  0.6750 0.8750 0.9250   0.466
1240 |  0.796  0.567  0.389  0.6750 0.8750 0.9250   0.466
1280 |  0.796  0.567  0.389  0.6750 0.8750 0.9250   0.466
1320 |  0.796  0.567  0.389  0.6750 0.8750 0.9250   0.466
1360 |  0.796  0.567  0.389  0.6750 0.8750 0.9250   0.466
1400 |  0.796  0.567  0.389  0.6750 0.8750 0.9250   0.466
1440 |  0.796  0.567  0.389  0.6750 0.8750 0.9250   0.466
1480 |  0.796  0.567  0.389  0.6750 0.8750 0.9250   0.466
1520 |  0.796  0.567  0.389  0.6750 0.8750 0.9250   0.466
1560 |  0.796  0.567  0.389  0.6750 0.8750 0.9250   0.466
1600 |  0.796  0.567  0.389  0.6750 0.8750 0.9250   0.466
1640 |  0.796  0.567  0.389  0.6750 0.8750 0.9250   0.466
1680 |  0.796  0.567  0.389  0.6750 0.8750 0.9250   0.466
1720 |  0.796  0.567  0.389  0.6750 0.8750 0.9250   0.466
1760 |  0.796  0.567  0.389  0.6750 0.8750 0.9250   0.466
1800 |  0.796  0.567  0.389  0.6750 0.8750 0.9250   0.466
1840 |  0.796  0.567  0.389  0.6750 0.8750 0.9250   0.466
1880 |  0.796  0.567  0.389  0.6750 0.8750 0.9250   0.466
1920 |  0.796  0.567  0.389  0.6750 0.8750 0.9250   0.466
1960 |  0.796  0.567  0.389  0.6750 0.8750 0.9250   0.466
 251 |  0.796  0.567  0.389  0.6750 0.8750 0.9250   0.466
#
