# Hydraprot_sorted/1p1x_A.pdb
# Protein CA rmsd=  0.000
#  N |   RMSD    Ave    Med   f<0.5  f<1.0  f<1.5
  53 |  6.242  4.496  3.174  0.4151 0.4906 0.4906   0.294
 106 |  3.186  1.742  0.313  0.6226 0.7358 0.7358   0.292
 159 |  2.141  1.118  0.291  0.6792 0.8113 0.8113   0.295
 212 |  1.536  0.679  0.267  0.7547 0.9245 0.9245   0.307
 265 |  1.340  0.580  0.266  0.7736 0.9434 0.9434   0.307
 318 |  0.609  0.379  0.266  0.7736 0.9811 0.9811   0.319
 371 |  0.609  0.379  0.266  0.7736 0.9811 0.9811   0.319
 424 |  0.400  0.333  0.266  0.7736 0.9811 1.0000   0.333
 477 |  0.400  0.333  0.266  0.7736 0.9811 1.0000   0.333
 530 |  0.400  0.333  0.266  0.7736 0.9811 1.0000   0.333
 583 |  0.400  0.333  0.266  0.7736 0.9811 1.0000   0.333
 636 |  0.400  0.333  0.266  0.7736 0.9811 1.0000   0.333
 689 |  0.400  0.333  0.266  0.7736 0.9811 1.0000   0.333
 742 |  0.400  0.333  0.266  0.7736 0.9811 1.0000   0.333
 795 |  0.400  0.333  0.266  0.7736 0.9811 1.0000   0.333
 848 |  0.400  0.333  0.266  0.7736 0.9811 1.0000   0.333
 901 |  0.400  0.333  0.266  0.7736 0.9811 1.0000   0.333
 954 |  0.400  0.333  0.266  0.7736 0.9811 1.0000   0.333
1007 |  0.400  0.333  0.266  0.7736 0.9811 1.0000   0.333
1060 |  0.400  0.333  0.266  0.7736 0.9811 1.0000   0.333
1113 |  0.400  0.333  0.266  0.7736 0.9811 1.0000   0.333
1166 |  0.400  0.333  0.266  0.7736 0.9811 1.0000   0.333
1219 |  0.400  0.333  0.266  0.7736 0.9811 1.0000   0.333
1272 |  0.400  0.333  0.266  0.7736 0.9811 1.0000   0.333
1325 |  0.400  0.333  0.266  0.7736 0.9811 1.0000   0.333
1378 |  0.400  0.333  0.266  0.7736 0.9811 1.0000   0.333
1431 |  0.400  0.333  0.266  0.7736 0.9811 1.0000   0.333
1484 |  0.400  0.333  0.266  0.7736 0.9811 1.0000   0.333
1537 |  0.400  0.333  0.266  0.7736 0.9811 1.0000   0.333
1590 |  0.400  0.333  0.266  0.7736 0.9811 1.0000   0.333
1643 |  0.400  0.333  0.266  0.7736 0.9811 1.0000   0.333
1696 |  0.400  0.333  0.266  0.7736 0.9811 1.0000   0.333
1749 |  0.400  0.333  0.266  0.7736 0.9811 1.0000   0.333
1802 |  0.400  0.333  0.266  0.7736 0.9811 1.0000   0.333
1855 |  0.400  0.333  0.266  0.7736 0.9811 1.0000   0.333
1908 |  0.400  0.333  0.266  0.7736 0.9811 1.0000   0.333
1961 |  0.400  0.333  0.266  0.7736 0.9811 1.0000   0.333
2014 |  0.400  0.333  0.266  0.7736 0.9811 1.0000   0.333
2067 |  0.400  0.333  0.266  0.7736 0.9811 1.0000   0.333
2120 |  0.400  0.333  0.266  0.7736 0.9811 1.0000   0.333
2173 |  0.400  0.333  0.266  0.7736 0.9811 1.0000   0.333
2226 |  0.400  0.333  0.266  0.7736 0.9811 1.0000   0.333
2279 |  0.400  0.333  0.266  0.7736 0.9811 1.0000   0.333
2332 |  0.400  0.333  0.266  0.7736 0.9811 1.0000   0.333
2385 |  0.400  0.333  0.266  0.7736 0.9811 1.0000   0.333
2438 |  0.400  0.333  0.266  0.7736 0.9811 1.0000   0.333
2491 |  0.400  0.333  0.266  0.7736 0.9811 1.0000   0.333
2544 |  0.400  0.333  0.266  0.7736 0.9811 1.0000   0.333
2597 |  0.400  0.333  0.266  0.7736 0.9811 1.0000   0.333
 470 |  0.400  0.333  0.266  0.7736 0.9811 1.0000   0.333
#
