# Hydraprot_sorted/1rtq_A.pdb
# Protein CA rmsd=  0.000
#  N |   RMSD    Ave    Med   f<0.5  f<1.0  f<1.5
 108 |  4.801  3.300  1.653  0.4074 0.4537 0.4815   0.440
 216 |  2.655  1.675  0.497  0.5000 0.6019 0.6759   0.456
 324 |  1.541  0.954  0.435  0.5463 0.7037 0.8333   0.526
 432 |  0.949  0.645  0.403  0.5833 0.7870 0.9352   0.543
 540 |  0.807  0.597  0.403  0.5926 0.7963 0.9444   0.555
 648 |  0.807  0.597  0.403  0.5926 0.7963 0.9444   0.555
 756 |  0.807  0.597  0.403  0.5926 0.7963 0.9444   0.555
 864 |  0.807  0.597  0.403  0.5926 0.7963 0.9444   0.555
 972 |  0.807  0.597  0.403  0.5926 0.7963 0.9444   0.555
1080 |  0.807  0.597  0.403  0.5926 0.7963 0.9444   0.555
1188 |  0.807  0.597  0.403  0.5926 0.7963 0.9444   0.555
1296 |  0.807  0.597  0.403  0.5926 0.7963 0.9444   0.555
1404 |  0.807  0.597  0.403  0.5926 0.7963 0.9444   0.555
1512 |  0.807  0.597  0.403  0.5926 0.7963 0.9444   0.555
1620 |  0.807  0.597  0.403  0.5926 0.7963 0.9444   0.555
1728 |  0.807  0.597  0.403  0.5926 0.7963 0.9444   0.555
1836 |  0.807  0.597  0.403  0.5926 0.7963 0.9444   0.555
1944 |  0.807  0.597  0.403  0.5926 0.7963 0.9444   0.555
2052 |  0.807  0.597  0.403  0.5926 0.7963 0.9444   0.555
2160 |  0.807  0.597  0.403  0.5926 0.7963 0.9444   0.555
2268 |  0.807  0.597  0.403  0.5926 0.7963 0.9444   0.555
2376 |  0.807  0.597  0.403  0.5926 0.7963 0.9444   0.555
2484 |  0.807  0.597  0.403  0.5926 0.7963 0.9444   0.555
2592 |  0.807  0.597  0.403  0.5926 0.7963 0.9444   0.555
2700 |  0.807  0.597  0.403  0.5926 0.7963 0.9444   0.555
2808 |  0.807  0.597  0.403  0.5926 0.7963 0.9444   0.555
2916 |  0.807  0.597  0.403  0.5926 0.7963 0.9444   0.555
3024 |  0.807  0.597  0.403  0.5926 0.7963 0.9444   0.555
3132 |  0.807  0.597  0.403  0.5926 0.7963 0.9444   0.555
3240 |  0.807  0.597  0.403  0.5926 0.7963 0.9444   0.555
3348 |  0.807  0.597  0.403  0.5926 0.7963 0.9444   0.555
3456 |  0.807  0.597  0.403  0.5926 0.7963 0.9444   0.555
3564 |  0.807  0.597  0.403  0.5926 0.7963 0.9444   0.555
3672 |  0.807  0.597  0.403  0.5926 0.7963 0.9444   0.555
3780 |  0.807  0.597  0.403  0.5926 0.7963 0.9444   0.555
3888 |  0.807  0.597  0.403  0.5926 0.7963 0.9444   0.555
3996 |  0.807  0.597  0.403  0.5926 0.7963 0.9444   0.555
4104 |  0.807  0.597  0.403  0.5926 0.7963 0.9444   0.555
4212 |  0.807  0.597  0.403  0.5926 0.7963 0.9444   0.555
4320 |  0.807  0.597  0.403  0.5926 0.7963 0.9444   0.555
4428 |  0.807  0.597  0.403  0.5926 0.7963 0.9444   0.555
4536 |  0.807  0.597  0.403  0.5926 0.7963 0.9444   0.555
4644 |  0.807  0.597  0.403  0.5926 0.7963 0.9444   0.555
4752 |  0.807  0.597  0.403  0.5926 0.7963 0.9444   0.555
4860 |  0.807  0.597  0.403  0.5926 0.7963 0.9444   0.555
4968 |  0.807  0.597  0.403  0.5926 0.7963 0.9444   0.555
5076 |  0.807  0.597  0.403  0.5926 0.7963 0.9444   0.555
5184 |  0.807  0.597  0.403  0.5926 0.7963 0.9444   0.555
5292 |  0.807  0.597  0.403  0.5926 0.7963 0.9444   0.555
 512 |  0.807  0.597  0.403  0.5926 0.7963 0.9444   0.555
#
