# Hydraprot_sorted/1tqg_A.pdb
# Protein CA rmsd=  0.000
#  N |   RMSD    Ave    Med   f<0.5  f<1.0  f<1.5
  18 |  7.384  6.216  7.261  0.2222 0.2778 0.2778   0.294
  36 |  4.341  2.794  0.426  0.5556 0.6111 0.6111   0.290
  54 |  3.450  2.009  0.377  0.6111 0.7222 0.7222   0.320
  72 |  2.378  1.266  0.377  0.6111 0.8333 0.8333   0.384
  90 |  1.852  1.025  0.377  0.6111 0.8333 0.8333   0.384
 108 |  1.456  0.811  0.377  0.6111 0.8889 0.8889   0.396
 126 |  0.978  0.607  0.377  0.6111 0.8889 0.9444   0.432
 144 |  0.493  0.413  0.347  0.6667 0.9444 1.0000   0.413
 162 |  0.493  0.413  0.347  0.6667 0.9444 1.0000   0.413
 180 |  0.493  0.413  0.347  0.6667 0.9444 1.0000   0.413
 198 |  0.493  0.413  0.347  0.6667 0.9444 1.0000   0.413
 216 |  0.493  0.413  0.347  0.6667 0.9444 1.0000   0.413
 234 |  0.493  0.413  0.347  0.6667 0.9444 1.0000   0.413
 252 |  0.493  0.413  0.347  0.6667 0.9444 1.0000   0.413
 270 |  0.493  0.413  0.347  0.6667 0.9444 1.0000   0.413
 288 |  0.493  0.413  0.347  0.6667 0.9444 1.0000   0.413
 306 |  0.493  0.413  0.347  0.6667 0.9444 1.0000   0.413
 324 |  0.493  0.413  0.347  0.6667 0.9444 1.0000   0.413
 342 |  0.493  0.413  0.347  0.6667 0.9444 1.0000   0.413
 360 |  0.493  0.413  0.347  0.6667 0.9444 1.0000   0.413
 378 |  0.493  0.413  0.347  0.6667 0.9444 1.0000   0.413
 396 |  0.493  0.413  0.347  0.6667 0.9444 1.0000   0.413
 414 |  0.493  0.413  0.347  0.6667 0.9444 1.0000   0.413
 432 |  0.493  0.413  0.347  0.6667 0.9444 1.0000   0.413
 450 |  0.493  0.413  0.347  0.6667 0.9444 1.0000   0.413
 468 |  0.493  0.413  0.347  0.6667 0.9444 1.0000   0.413
 486 |  0.493  0.413  0.347  0.6667 0.9444 1.0000   0.413
 504 |  0.493  0.413  0.347  0.6667 0.9444 1.0000   0.413
 522 |  0.493  0.413  0.347  0.6667 0.9444 1.0000   0.413
 540 |  0.493  0.413  0.347  0.6667 0.9444 1.0000   0.413
 558 |  0.493  0.413  0.347  0.6667 0.9444 1.0000   0.413
 576 |  0.493  0.413  0.347  0.6667 0.9444 1.0000   0.413
 594 |  0.493  0.413  0.347  0.6667 0.9444 1.0000   0.413
 612 |  0.493  0.413  0.347  0.6667 0.9444 1.0000   0.413
 630 |  0.493  0.413  0.347  0.6667 0.9444 1.0000   0.413
 648 |  0.493  0.413  0.347  0.6667 0.9444 1.0000   0.413
 666 |  0.493  0.413  0.347  0.6667 0.9444 1.0000   0.413
 684 |  0.493  0.413  0.347  0.6667 0.9444 1.0000   0.413
 702 |  0.493  0.413  0.347  0.6667 0.9444 1.0000   0.413
 720 |  0.493  0.413  0.347  0.6667 0.9444 1.0000   0.413
 738 |  0.493  0.413  0.347  0.6667 0.9444 1.0000   0.413
 756 |  0.493  0.413  0.347  0.6667 0.9444 1.0000   0.413
 774 |  0.493  0.413  0.347  0.6667 0.9444 1.0000   0.413
 792 |  0.493  0.413  0.347  0.6667 0.9444 1.0000   0.413
 810 |  0.493  0.413  0.347  0.6667 0.9444 1.0000   0.413
 828 |  0.493  0.413  0.347  0.6667 0.9444 1.0000   0.413
 846 |  0.493  0.413  0.347  0.6667 0.9444 1.0000   0.413
 864 |  0.493  0.413  0.347  0.6667 0.9444 1.0000   0.413
 882 |  0.493  0.413  0.347  0.6667 0.9444 1.0000   0.413
 213 |  0.493  0.413  0.347  0.6667 0.9444 1.0000   0.413
#
