# Hydraprot_sorted/1tt8_A.pdb
# Protein CA rmsd=  0.000
#  N |   RMSD    Ave    Med   f<0.5  f<1.0  f<1.5
  70 |  5.142  3.405  0.610  0.4571 0.5429 0.5429   0.334
 140 |  2.424  1.347  0.465  0.6143 0.7571 0.7714   0.410
 210 |  1.523  0.860  0.447  0.6429 0.8286 0.8714   0.458
 280 |  0.874  0.588  0.429  0.6571 0.9000 0.9429   0.498
 350 |  0.614  0.499  0.409  0.6714 0.9286 0.9714   0.499
 420 |  0.614  0.499  0.409  0.6714 0.9286 0.9714   0.499
 490 |  0.614  0.499  0.409  0.6714 0.9286 0.9714   0.499
 560 |  0.614  0.499  0.409  0.6714 0.9286 0.9714   0.499
 630 |  0.614  0.499  0.409  0.6714 0.9286 0.9714   0.499
 700 |  0.614  0.499  0.409  0.6714 0.9286 0.9714   0.499
 770 |  0.614  0.499  0.409  0.6714 0.9286 0.9714   0.499
 840 |  0.614  0.499  0.409  0.6714 0.9286 0.9714   0.499
 910 |  0.614  0.499  0.409  0.6714 0.9286 0.9714   0.499
 980 |  0.614  0.499  0.409  0.6714 0.9286 0.9714   0.499
1050 |  0.614  0.499  0.409  0.6714 0.9286 0.9714   0.499
1120 |  0.614  0.499  0.409  0.6714 0.9286 0.9714   0.499
1190 |  0.614  0.499  0.409  0.6714 0.9286 0.9714   0.499
1260 |  0.614  0.499  0.409  0.6714 0.9286 0.9714   0.499
1330 |  0.614  0.499  0.409  0.6714 0.9286 0.9714   0.499
1400 |  0.614  0.499  0.409  0.6714 0.9286 0.9714   0.499
1470 |  0.614  0.499  0.409  0.6714 0.9286 0.9714   0.499
1540 |  0.614  0.499  0.409  0.6714 0.9286 0.9714   0.499
1610 |  0.614  0.499  0.409  0.6714 0.9286 0.9714   0.499
1680 |  0.614  0.499  0.409  0.6714 0.9286 0.9714   0.499
1750 |  0.614  0.499  0.409  0.6714 0.9286 0.9714   0.499
1820 |  0.614  0.499  0.409  0.6714 0.9286 0.9714   0.499
1890 |  0.614  0.499  0.409  0.6714 0.9286 0.9714   0.499
1960 |  0.614  0.499  0.409  0.6714 0.9286 0.9714   0.499
2030 |  0.614  0.499  0.409  0.6714 0.9286 0.9714   0.499
2100 |  0.614  0.499  0.409  0.6714 0.9286 0.9714   0.499
2170 |  0.614  0.499  0.409  0.6714 0.9286 0.9714   0.499
2240 |  0.614  0.499  0.409  0.6714 0.9286 0.9714   0.499
2310 |  0.614  0.499  0.409  0.6714 0.9286 0.9714   0.499
2380 |  0.614  0.499  0.409  0.6714 0.9286 0.9714   0.499
2450 |  0.614  0.499  0.409  0.6714 0.9286 0.9714   0.499
2520 |  0.614  0.499  0.409  0.6714 0.9286 0.9714   0.499
2590 |  0.614  0.499  0.409  0.6714 0.9286 0.9714   0.499
2660 |  0.614  0.499  0.409  0.6714 0.9286 0.9714   0.499
2730 |  0.614  0.499  0.409  0.6714 0.9286 0.9714   0.499
2800 |  0.614  0.499  0.409  0.6714 0.9286 0.9714   0.499
2870 |  0.614  0.499  0.409  0.6714 0.9286 0.9714   0.499
2940 |  0.614  0.499  0.409  0.6714 0.9286 0.9714   0.499
3010 |  0.614  0.499  0.409  0.6714 0.9286 0.9714   0.499
3080 |  0.614  0.499  0.409  0.6714 0.9286 0.9714   0.499
3150 |  0.614  0.499  0.409  0.6714 0.9286 0.9714   0.499
3220 |  0.614  0.499  0.409  0.6714 0.9286 0.9714   0.499
3290 |  0.614  0.499  0.409  0.6714 0.9286 0.9714   0.499
3360 |  0.614  0.499  0.409  0.6714 0.9286 0.9714   0.499
3430 |  0.614  0.499  0.409  0.6714 0.9286 0.9714   0.499
 324 |  0.614  0.499  0.409  0.6714 0.9286 0.9714   0.499
#
