# Hydraprot_sorted/1unq_A.pdb
# Protein CA rmsd=  0.000
#  N |   RMSD    Ave    Med   f<0.5  f<1.0  f<1.5
  44 |  6.033  4.427  3.300  0.3636 0.4545 0.4545   0.366
  88 |  2.903  1.848  0.510  0.5000 0.6591 0.6591   0.382
 132 |  1.960  1.115  0.445  0.6364 0.7955 0.7955   0.360
 176 |  1.483  0.835  0.389  0.6591 0.8636 0.8636   0.380
 220 |  1.172  0.682  0.389  0.6591 0.9091 0.9091   0.399
 264 |  0.892  0.562  0.389  0.6591 0.9318 0.9545   0.422
 308 |  0.816  0.535  0.389  0.6591 0.9318 0.9545   0.457
 352 |  0.816  0.535  0.389  0.6591 0.9318 0.9545   0.457
 396 |  0.816  0.535  0.389  0.6591 0.9318 0.9545   0.457
 440 |  0.816  0.535  0.389  0.6591 0.9318 0.9545   0.457
 484 |  0.816  0.535  0.389  0.6591 0.9318 0.9545   0.457
 528 |  0.816  0.535  0.389  0.6591 0.9318 0.9545   0.457
 572 |  0.816  0.535  0.389  0.6591 0.9318 0.9545   0.457
 616 |  0.816  0.535  0.389  0.6591 0.9318 0.9545   0.457
 660 |  0.816  0.535  0.389  0.6591 0.9318 0.9545   0.457
 704 |  0.816  0.535  0.389  0.6591 0.9318 0.9545   0.457
 748 |  0.816  0.535  0.389  0.6591 0.9318 0.9545   0.457
 792 |  0.816  0.535  0.389  0.6591 0.9318 0.9545   0.457
 836 |  0.816  0.535  0.389  0.6591 0.9318 0.9545   0.457
 880 |  0.816  0.535  0.389  0.6591 0.9318 0.9545   0.457
 924 |  0.816  0.535  0.389  0.6591 0.9318 0.9545   0.457
 968 |  0.816  0.535  0.389  0.6591 0.9318 0.9545   0.457
1012 |  0.816  0.535  0.389  0.6591 0.9318 0.9545   0.457
1056 |  0.816  0.535  0.389  0.6591 0.9318 0.9545   0.457
1100 |  0.816  0.535  0.389  0.6591 0.9318 0.9545   0.457
1144 |  0.816  0.535  0.389  0.6591 0.9318 0.9545   0.457
1188 |  0.816  0.535  0.389  0.6591 0.9318 0.9545   0.457
1232 |  0.816  0.535  0.389  0.6591 0.9318 0.9545   0.457
1276 |  0.816  0.535  0.389  0.6591 0.9318 0.9545   0.457
1320 |  0.816  0.535  0.389  0.6591 0.9318 0.9545   0.457
1364 |  0.816  0.535  0.389  0.6591 0.9318 0.9545   0.457
1408 |  0.816  0.535  0.389  0.6591 0.9318 0.9545   0.457
1452 |  0.816  0.535  0.389  0.6591 0.9318 0.9545   0.457
1496 |  0.816  0.535  0.389  0.6591 0.9318 0.9545   0.457
1540 |  0.816  0.535  0.389  0.6591 0.9318 0.9545   0.457
1584 |  0.816  0.535  0.389  0.6591 0.9318 0.9545   0.457
1628 |  0.816  0.535  0.389  0.6591 0.9318 0.9545   0.457
1672 |  0.816  0.535  0.389  0.6591 0.9318 0.9545   0.457
1716 |  0.816  0.535  0.389  0.6591 0.9318 0.9545   0.457
1760 |  0.816  0.535  0.389  0.6591 0.9318 0.9545   0.457
1804 |  0.816  0.535  0.389  0.6591 0.9318 0.9545   0.457
1848 |  0.816  0.535  0.389  0.6591 0.9318 0.9545   0.457
1892 |  0.816  0.535  0.389  0.6591 0.9318 0.9545   0.457
1936 |  0.816  0.535  0.389  0.6591 0.9318 0.9545   0.457
1980 |  0.816  0.535  0.389  0.6591 0.9318 0.9545   0.457
2024 |  0.816  0.535  0.389  0.6591 0.9318 0.9545   0.457
2068 |  0.816  0.535  0.389  0.6591 0.9318 0.9545   0.457
2112 |  0.816  0.535  0.389  0.6591 0.9318 0.9545   0.457
2156 |  0.816  0.535  0.389  0.6591 0.9318 0.9545   0.457
 275 |  0.816  0.535  0.389  0.6591 0.9318 0.9545   0.457
#
