# Hydraprot_sorted/1vyr_A.pdb
# Protein CA rmsd=  0.000
#  N |   RMSD    Ave    Med   f<0.5  f<1.0  f<1.5
 155 |  5.081  3.349  0.602  0.4903 0.5290 0.5484   0.307
 310 |  2.131  1.131  0.321  0.6645 0.7677 0.8065   0.352
 465 |  1.291  0.699  0.310  0.7032 0.8387 0.8903   0.389
 620 |  1.124  0.615  0.301  0.7097 0.8516 0.9226   0.396
 775 |  1.049  0.573  0.301  0.7097 0.8645 0.9484   0.414
 930 |  1.049  0.573  0.301  0.7097 0.8645 0.9484   0.414
1085 |  1.049  0.573  0.301  0.7097 0.8645 0.9484   0.414
1240 |  1.049  0.573  0.301  0.7097 0.8645 0.9484   0.414
1395 |  1.049  0.573  0.301  0.7097 0.8645 0.9484   0.414
1550 |  1.049  0.573  0.301  0.7097 0.8645 0.9484   0.414
1705 |  1.049  0.573  0.301  0.7097 0.8645 0.9484   0.414
1860 |  1.049  0.573  0.301  0.7097 0.8645 0.9484   0.414
2015 |  1.049  0.573  0.301  0.7097 0.8645 0.9484   0.414
2170 |  1.049  0.573  0.301  0.7097 0.8645 0.9484   0.414
2325 |  1.049  0.573  0.301  0.7097 0.8645 0.9484   0.414
2480 |  1.049  0.573  0.301  0.7097 0.8645 0.9484   0.414
2635 |  1.049  0.573  0.301  0.7097 0.8645 0.9484   0.414
2790 |  1.049  0.573  0.301  0.7097 0.8645 0.9484   0.414
2945 |  1.049  0.573  0.301  0.7097 0.8645 0.9484   0.414
3100 |  1.049  0.573  0.301  0.7097 0.8645 0.9484   0.414
3255 |  1.049  0.573  0.301  0.7097 0.8645 0.9484   0.414
3410 |  1.049  0.573  0.301  0.7097 0.8645 0.9484   0.414
3565 |  1.049  0.573  0.301  0.7097 0.8645 0.9484   0.414
3720 |  1.049  0.573  0.301  0.7097 0.8645 0.9484   0.414
3875 |  1.049  0.573  0.301  0.7097 0.8645 0.9484   0.414
4030 |  1.049  0.573  0.301  0.7097 0.8645 0.9484   0.414
4185 |  1.049  0.573  0.301  0.7097 0.8645 0.9484   0.414
4340 |  1.049  0.573  0.301  0.7097 0.8645 0.9484   0.414
4495 |  1.049  0.573  0.301  0.7097 0.8645 0.9484   0.414
4650 |  1.049  0.573  0.301  0.7097 0.8645 0.9484   0.414
4805 |  1.049  0.573  0.301  0.7097 0.8645 0.9484   0.414
4960 |  1.049  0.573  0.301  0.7097 0.8645 0.9484   0.414
5115 |  1.049  0.573  0.301  0.7097 0.8645 0.9484   0.414
5270 |  1.049  0.573  0.301  0.7097 0.8645 0.9484   0.414
5425 |  1.049  0.573  0.301  0.7097 0.8645 0.9484   0.414
5580 |  1.049  0.573  0.301  0.7097 0.8645 0.9484   0.414
5735 |  1.049  0.573  0.301  0.7097 0.8645 0.9484   0.414
5890 |  1.049  0.573  0.301  0.7097 0.8645 0.9484   0.414
6045 |  1.049  0.573  0.301  0.7097 0.8645 0.9484   0.414
6200 |  1.049  0.573  0.301  0.7097 0.8645 0.9484   0.414
6355 |  1.049  0.573  0.301  0.7097 0.8645 0.9484   0.414
6510 |  1.049  0.573  0.301  0.7097 0.8645 0.9484   0.414
6665 |  1.049  0.573  0.301  0.7097 0.8645 0.9484   0.414
6820 |  1.049  0.573  0.301  0.7097 0.8645 0.9484   0.414
6975 |  1.049  0.573  0.301  0.7097 0.8645 0.9484   0.414
7130 |  1.049  0.573  0.301  0.7097 0.8645 0.9484   0.414
7285 |  1.049  0.573  0.301  0.7097 0.8645 0.9484   0.414
7440 |  1.049  0.573  0.301  0.7097 0.8645 0.9484   0.414
7595 |  1.049  0.573  0.301  0.7097 0.8645 0.9484   0.414
 654 |  1.049  0.573  0.301  0.7097 0.8645 0.9484   0.414
#
