# Hydraprot_sorted/1x8q_A.pdb
# Protein CA rmsd=  0.000
#  N |   RMSD    Ave    Med   f<0.5  f<1.0  f<1.5
  82 |  5.115  3.321  0.503  0.5000 0.5732 0.5732   0.331
 164 |  2.144  1.130  0.354  0.6585 0.8049 0.8171   0.392
 246 |  1.179  0.629  0.320  0.7073 0.8902 0.9146   0.403
 328 |  0.848  0.520  0.317  0.7195 0.9146 0.9390   0.406
 410 |  0.679  0.475  0.317  0.7195 0.9146 0.9390   0.442
 492 |  0.679  0.475  0.317  0.7195 0.9146 0.9390   0.442
 574 |  0.679  0.475  0.317  0.7195 0.9146 0.9390   0.442
 656 |  0.679  0.475  0.317  0.7195 0.9146 0.9390   0.442
 738 |  0.679  0.475  0.317  0.7195 0.9146 0.9390   0.442
 820 |  0.679  0.475  0.317  0.7195 0.9146 0.9390   0.442
 902 |  0.679  0.475  0.317  0.7195 0.9146 0.9390   0.442
 984 |  0.679  0.475  0.317  0.7195 0.9146 0.9390   0.442
1066 |  0.679  0.475  0.317  0.7195 0.9146 0.9390   0.442
1148 |  0.679  0.475  0.317  0.7195 0.9146 0.9390   0.442
1230 |  0.679  0.475  0.317  0.7195 0.9146 0.9390   0.442
1312 |  0.679  0.475  0.317  0.7195 0.9146 0.9390   0.442
1394 |  0.679  0.475  0.317  0.7195 0.9146 0.9390   0.442
1476 |  0.679  0.475  0.317  0.7195 0.9146 0.9390   0.442
1558 |  0.679  0.475  0.317  0.7195 0.9146 0.9390   0.442
1640 |  0.679  0.475  0.317  0.7195 0.9146 0.9390   0.442
1722 |  0.679  0.475  0.317  0.7195 0.9146 0.9390   0.442
1804 |  0.679  0.475  0.317  0.7195 0.9146 0.9390   0.442
1886 |  0.679  0.475  0.317  0.7195 0.9146 0.9390   0.442
1968 |  0.679  0.475  0.317  0.7195 0.9146 0.9390   0.442
2050 |  0.679  0.475  0.317  0.7195 0.9146 0.9390   0.442
2132 |  0.679  0.475  0.317  0.7195 0.9146 0.9390   0.442
2214 |  0.679  0.475  0.317  0.7195 0.9146 0.9390   0.442
2296 |  0.679  0.475  0.317  0.7195 0.9146 0.9390   0.442
2378 |  0.679  0.475  0.317  0.7195 0.9146 0.9390   0.442
2460 |  0.679  0.475  0.317  0.7195 0.9146 0.9390   0.442
2542 |  0.679  0.475  0.317  0.7195 0.9146 0.9390   0.442
2624 |  0.679  0.475  0.317  0.7195 0.9146 0.9390   0.442
2706 |  0.679  0.475  0.317  0.7195 0.9146 0.9390   0.442
2788 |  0.679  0.475  0.317  0.7195 0.9146 0.9390   0.442
2870 |  0.679  0.475  0.317  0.7195 0.9146 0.9390   0.442
2952 |  0.679  0.475  0.317  0.7195 0.9146 0.9390   0.442
3034 |  0.679  0.475  0.317  0.7195 0.9146 0.9390   0.442
3116 |  0.679  0.475  0.317  0.7195 0.9146 0.9390   0.442
3198 |  0.679  0.475  0.317  0.7195 0.9146 0.9390   0.442
3280 |  0.679  0.475  0.317  0.7195 0.9146 0.9390   0.442
3362 |  0.679  0.475  0.317  0.7195 0.9146 0.9390   0.442
3444 |  0.679  0.475  0.317  0.7195 0.9146 0.9390   0.442
3526 |  0.679  0.475  0.317  0.7195 0.9146 0.9390   0.442
3608 |  0.679  0.475  0.317  0.7195 0.9146 0.9390   0.442
3690 |  0.679  0.475  0.317  0.7195 0.9146 0.9390   0.442
3772 |  0.679  0.475  0.317  0.7195 0.9146 0.9390   0.442
3854 |  0.679  0.475  0.317  0.7195 0.9146 0.9390   0.442
3936 |  0.679  0.475  0.317  0.7195 0.9146 0.9390   0.442
4018 |  0.679  0.475  0.317  0.7195 0.9146 0.9390   0.442
 394 |  0.679  0.475  0.317  0.7195 0.9146 0.9390   0.442
#
