# Hydraprot_sorted/2a6z_A.pdb
# Protein CA rmsd=  0.000
#  N |   RMSD    Ave    Med   f<0.5  f<1.0  f<1.5
 107 |  4.490  2.691  0.394  0.5327 0.6355 0.6449   0.311
 214 |  2.041  1.019  0.315  0.6636 0.8131 0.8318   0.332
 321 |  1.144  0.619  0.305  0.7196 0.8972 0.9159   0.345
 428 |  0.850  0.520  0.305  0.7196 0.8972 0.9346   0.376
 535 |  0.753  0.490  0.305  0.7196 0.8972 0.9346   0.403
 642 |  0.753  0.490  0.305  0.7196 0.8972 0.9346   0.403
 749 |  0.753  0.490  0.305  0.7196 0.8972 0.9346   0.403
 856 |  0.753  0.490  0.305  0.7196 0.8972 0.9346   0.403
 963 |  0.753  0.490  0.305  0.7196 0.8972 0.9346   0.403
1070 |  0.753  0.490  0.305  0.7196 0.8972 0.9346   0.403
1177 |  0.753  0.490  0.305  0.7196 0.8972 0.9346   0.403
1284 |  0.753  0.490  0.305  0.7196 0.8972 0.9346   0.403
1391 |  0.753  0.490  0.305  0.7196 0.8972 0.9346   0.403
1498 |  0.753  0.490  0.305  0.7196 0.8972 0.9346   0.403
1605 |  0.753  0.490  0.305  0.7196 0.8972 0.9346   0.403
1712 |  0.753  0.490  0.305  0.7196 0.8972 0.9346   0.403
1819 |  0.753  0.490  0.305  0.7196 0.8972 0.9346   0.403
1926 |  0.753  0.490  0.305  0.7196 0.8972 0.9346   0.403
2033 |  0.753  0.490  0.305  0.7196 0.8972 0.9346   0.403
2140 |  0.753  0.490  0.305  0.7196 0.8972 0.9346   0.403
2247 |  0.753  0.490  0.305  0.7196 0.8972 0.9346   0.403
2354 |  0.753  0.490  0.305  0.7196 0.8972 0.9346   0.403
2461 |  0.753  0.490  0.305  0.7196 0.8972 0.9346   0.403
2568 |  0.753  0.490  0.305  0.7196 0.8972 0.9346   0.403
2675 |  0.753  0.490  0.305  0.7196 0.8972 0.9346   0.403
2782 |  0.753  0.490  0.305  0.7196 0.8972 0.9346   0.403
2889 |  0.753  0.490  0.305  0.7196 0.8972 0.9346   0.403
2996 |  0.753  0.490  0.305  0.7196 0.8972 0.9346   0.403
3103 |  0.753  0.490  0.305  0.7196 0.8972 0.9346   0.403
3210 |  0.753  0.490  0.305  0.7196 0.8972 0.9346   0.403
3317 |  0.753  0.490  0.305  0.7196 0.8972 0.9346   0.403
3424 |  0.753  0.490  0.305  0.7196 0.8972 0.9346   0.403
3531 |  0.753  0.490  0.305  0.7196 0.8972 0.9346   0.403
3638 |  0.753  0.490  0.305  0.7196 0.8972 0.9346   0.403
3745 |  0.753  0.490  0.305  0.7196 0.8972 0.9346   0.403
3852 |  0.753  0.490  0.305  0.7196 0.8972 0.9346   0.403
3959 |  0.753  0.490  0.305  0.7196 0.8972 0.9346   0.403
4066 |  0.753  0.490  0.305  0.7196 0.8972 0.9346   0.403
4173 |  0.753  0.490  0.305  0.7196 0.8972 0.9346   0.403
4280 |  0.753  0.490  0.305  0.7196 0.8972 0.9346   0.403
4387 |  0.753  0.490  0.305  0.7196 0.8972 0.9346   0.403
4494 |  0.753  0.490  0.305  0.7196 0.8972 0.9346   0.403
4601 |  0.753  0.490  0.305  0.7196 0.8972 0.9346   0.403
4708 |  0.753  0.490  0.305  0.7196 0.8972 0.9346   0.403
4815 |  0.753  0.490  0.305  0.7196 0.8972 0.9346   0.403
4922 |  0.753  0.490  0.305  0.7196 0.8972 0.9346   0.403
5029 |  0.753  0.490  0.305  0.7196 0.8972 0.9346   0.403
5136 |  0.753  0.490  0.305  0.7196 0.8972 0.9346   0.403
5243 |  0.753  0.490  0.305  0.7196 0.8972 0.9346   0.403
 443 |  0.753  0.490  0.305  0.7196 0.8972 0.9346   0.403
#
