# Hydraprot_sorted/2bf6_A.pdb
# Protein CA rmsd=  0.000
#  N |   RMSD    Ave    Med   f<0.5  f<1.0  f<1.5
 183 |  4.429  2.626  0.372  0.5792 0.6284 0.6612   0.347
 366 |  1.607  0.828  0.303  0.7104 0.8251 0.8689   0.402
 549 |  0.832  0.530  0.303  0.7268 0.8743 0.9290   0.420
 732 |  0.731  0.491  0.303  0.7322 0.8798 0.9563   0.423
 915 |  0.678  0.467  0.303  0.7377 0.8907 0.9672   0.424
1098 |  0.678  0.467  0.303  0.7377 0.8907 0.9672   0.424
1281 |  0.678  0.467  0.303  0.7377 0.8907 0.9672   0.424
1464 |  0.678  0.467  0.303  0.7377 0.8907 0.9672   0.424
1647 |  0.678  0.467  0.303  0.7377 0.8907 0.9672   0.424
1830 |  0.678  0.467  0.303  0.7377 0.8907 0.9672   0.424
2013 |  0.678  0.467  0.303  0.7377 0.8907 0.9672   0.424
2196 |  0.678  0.467  0.303  0.7377 0.8907 0.9672   0.424
2379 |  0.678  0.467  0.303  0.7377 0.8907 0.9672   0.424
2562 |  0.678  0.467  0.303  0.7377 0.8907 0.9672   0.424
2745 |  0.678  0.467  0.303  0.7377 0.8907 0.9672   0.424
2928 |  0.678  0.467  0.303  0.7377 0.8907 0.9672   0.424
3111 |  0.678  0.467  0.303  0.7377 0.8907 0.9672   0.424
3294 |  0.678  0.467  0.303  0.7377 0.8907 0.9672   0.424
3477 |  0.678  0.467  0.303  0.7377 0.8907 0.9672   0.424
3660 |  0.678  0.467  0.303  0.7377 0.8907 0.9672   0.424
3843 |  0.678  0.467  0.303  0.7377 0.8907 0.9672   0.424
4026 |  0.678  0.467  0.303  0.7377 0.8907 0.9672   0.424
4209 |  0.678  0.467  0.303  0.7377 0.8907 0.9672   0.424
4392 |  0.678  0.467  0.303  0.7377 0.8907 0.9672   0.424
4575 |  0.678  0.467  0.303  0.7377 0.8907 0.9672   0.424
4758 |  0.678  0.467  0.303  0.7377 0.8907 0.9672   0.424
4941 |  0.678  0.467  0.303  0.7377 0.8907 0.9672   0.424
5124 |  0.678  0.467  0.303  0.7377 0.8907 0.9672   0.424
5307 |  0.678  0.467  0.303  0.7377 0.8907 0.9672   0.424
5490 |  0.678  0.467  0.303  0.7377 0.8907 0.9672   0.424
5673 |  0.678  0.467  0.303  0.7377 0.8907 0.9672   0.424
5856 |  0.678  0.467  0.303  0.7377 0.8907 0.9672   0.424
6039 |  0.678  0.467  0.303  0.7377 0.8907 0.9672   0.424
6222 |  0.678  0.467  0.303  0.7377 0.8907 0.9672   0.424
6405 |  0.678  0.467  0.303  0.7377 0.8907 0.9672   0.424
6588 |  0.678  0.467  0.303  0.7377 0.8907 0.9672   0.424
6771 |  0.678  0.467  0.303  0.7377 0.8907 0.9672   0.424
6954 |  0.678  0.467  0.303  0.7377 0.8907 0.9672   0.424
7137 |  0.678  0.467  0.303  0.7377 0.8907 0.9672   0.424
7320 |  0.678  0.467  0.303  0.7377 0.8907 0.9672   0.424
7503 |  0.678  0.467  0.303  0.7377 0.8907 0.9672   0.424
7686 |  0.678  0.467  0.303  0.7377 0.8907 0.9672   0.424
7869 |  0.678  0.467  0.303  0.7377 0.8907 0.9672   0.424
8052 |  0.678  0.467  0.303  0.7377 0.8907 0.9672   0.424
8235 |  0.678  0.467  0.303  0.7377 0.8907 0.9672   0.424
8418 |  0.678  0.467  0.303  0.7377 0.8907 0.9672   0.424
8601 |  0.678  0.467  0.303  0.7377 0.8907 0.9672   0.424
8784 |  0.678  0.467  0.303  0.7377 0.8907 0.9672   0.424
8967 |  0.678  0.467  0.303  0.7377 0.8907 0.9672   0.424
 834 |  0.678  0.467  0.303  0.7377 0.8907 0.9672   0.424
#
