# Hydraprot_sorted/2cws_A.pdb
# Protein CA rmsd=  0.000
#  N |   RMSD    Ave    Med   f<0.5  f<1.0  f<1.5
  94 |  5.094  3.343  0.578  0.4787 0.5532 0.5638   0.316
 188 |  2.354  1.291  0.395  0.5957 0.7660 0.7872   0.390
 282 |  1.463  0.815  0.395  0.5957 0.8298 0.8723   0.448
 376 |  0.903  0.593  0.395  0.6170 0.8830 0.9255   0.459
 470 |  0.764  0.540  0.395  0.6170 0.9043 0.9468   0.466
 564 |  0.764  0.540  0.395  0.6170 0.9043 0.9468   0.466
 658 |  0.764  0.540  0.395  0.6170 0.9043 0.9468   0.466
 752 |  0.764  0.540  0.395  0.6170 0.9043 0.9468   0.466
 846 |  0.764  0.540  0.395  0.6170 0.9043 0.9468   0.466
 940 |  0.764  0.540  0.395  0.6170 0.9043 0.9468   0.466
1034 |  0.764  0.540  0.395  0.6170 0.9043 0.9468   0.466
1128 |  0.764  0.540  0.395  0.6170 0.9043 0.9468   0.466
1222 |  0.764  0.540  0.395  0.6170 0.9043 0.9468   0.466
1316 |  0.764  0.540  0.395  0.6170 0.9043 0.9468   0.466
1410 |  0.764  0.540  0.395  0.6170 0.9043 0.9468   0.466
1504 |  0.764  0.540  0.395  0.6170 0.9043 0.9468   0.466
1598 |  0.764  0.540  0.395  0.6170 0.9043 0.9468   0.466
1692 |  0.764  0.540  0.395  0.6170 0.9043 0.9468   0.466
1786 |  0.764  0.540  0.395  0.6170 0.9043 0.9468   0.466
1880 |  0.764  0.540  0.395  0.6170 0.9043 0.9468   0.466
1974 |  0.764  0.540  0.395  0.6170 0.9043 0.9468   0.466
2068 |  0.764  0.540  0.395  0.6170 0.9043 0.9468   0.466
2162 |  0.764  0.540  0.395  0.6170 0.9043 0.9468   0.466
2256 |  0.764  0.540  0.395  0.6170 0.9043 0.9468   0.466
2350 |  0.764  0.540  0.395  0.6170 0.9043 0.9468   0.466
2444 |  0.764  0.540  0.395  0.6170 0.9043 0.9468   0.466
2538 |  0.764  0.540  0.395  0.6170 0.9043 0.9468   0.466
2632 |  0.764  0.540  0.395  0.6170 0.9043 0.9468   0.466
2726 |  0.764  0.540  0.395  0.6170 0.9043 0.9468   0.466
2820 |  0.764  0.540  0.395  0.6170 0.9043 0.9468   0.466
2914 |  0.764  0.540  0.395  0.6170 0.9043 0.9468   0.466
3008 |  0.764  0.540  0.395  0.6170 0.9043 0.9468   0.466
3102 |  0.764  0.540  0.395  0.6170 0.9043 0.9468   0.466
3196 |  0.764  0.540  0.395  0.6170 0.9043 0.9468   0.466
3290 |  0.764  0.540  0.395  0.6170 0.9043 0.9468   0.466
3384 |  0.764  0.540  0.395  0.6170 0.9043 0.9468   0.466
3478 |  0.764  0.540  0.395  0.6170 0.9043 0.9468   0.466
3572 |  0.764  0.540  0.395  0.6170 0.9043 0.9468   0.466
3666 |  0.764  0.540  0.395  0.6170 0.9043 0.9468   0.466
3760 |  0.764  0.540  0.395  0.6170 0.9043 0.9468   0.466
3854 |  0.764  0.540  0.395  0.6170 0.9043 0.9468   0.466
3948 |  0.764  0.540  0.395  0.6170 0.9043 0.9468   0.466
4042 |  0.764  0.540  0.395  0.6170 0.9043 0.9468   0.466
4136 |  0.764  0.540  0.395  0.6170 0.9043 0.9468   0.466
4230 |  0.764  0.540  0.395  0.6170 0.9043 0.9468   0.466
4324 |  0.764  0.540  0.395  0.6170 0.9043 0.9468   0.466
4418 |  0.764  0.540  0.395  0.6170 0.9043 0.9468   0.466
4512 |  0.764  0.540  0.395  0.6170 0.9043 0.9468   0.466
4606 |  0.764  0.540  0.395  0.6170 0.9043 0.9468   0.466
 429 |  0.764  0.540  0.395  0.6170 0.9043 0.9468   0.466
#
