# Hydraprot_sorted/2ddx_A.pdb
# Protein CA rmsd=  0.000
#  N |   RMSD    Ave    Med   f<0.5  f<1.0  f<1.5
 153 |  4.496  2.784  0.431  0.5359 0.5948 0.6209   0.317
 306 |  1.843  0.974  0.323  0.6732 0.7843 0.8366   0.368
 459 |  0.809  0.493  0.302  0.7124 0.8954 0.9608   0.396
 612 |  0.580  0.432  0.302  0.7124 0.9085 0.9739   0.417
 765 |  0.580  0.432  0.302  0.7124 0.9085 0.9739   0.417
 918 |  0.580  0.432  0.302  0.7124 0.9085 0.9739   0.417
1071 |  0.580  0.432  0.302  0.7124 0.9085 0.9739   0.417
1224 |  0.580  0.432  0.302  0.7124 0.9085 0.9739   0.417
1377 |  0.580  0.432  0.302  0.7124 0.9085 0.9739   0.417
1530 |  0.580  0.432  0.302  0.7124 0.9085 0.9739   0.417
1683 |  0.580  0.432  0.302  0.7124 0.9085 0.9739   0.417
1836 |  0.580  0.432  0.302  0.7124 0.9085 0.9739   0.417
1989 |  0.580  0.432  0.302  0.7124 0.9085 0.9739   0.417
2142 |  0.580  0.432  0.302  0.7124 0.9085 0.9739   0.417
2295 |  0.580  0.432  0.302  0.7124 0.9085 0.9739   0.417
2448 |  0.580  0.432  0.302  0.7124 0.9085 0.9739   0.417
2601 |  0.580  0.432  0.302  0.7124 0.9085 0.9739   0.417
2754 |  0.580  0.432  0.302  0.7124 0.9085 0.9739   0.417
2907 |  0.580  0.432  0.302  0.7124 0.9085 0.9739   0.417
3060 |  0.580  0.432  0.302  0.7124 0.9085 0.9739   0.417
3213 |  0.580  0.432  0.302  0.7124 0.9085 0.9739   0.417
3366 |  0.580  0.432  0.302  0.7124 0.9085 0.9739   0.417
3519 |  0.580  0.432  0.302  0.7124 0.9085 0.9739   0.417
3672 |  0.580  0.432  0.302  0.7124 0.9085 0.9739   0.417
3825 |  0.580  0.432  0.302  0.7124 0.9085 0.9739   0.417
3978 |  0.580  0.432  0.302  0.7124 0.9085 0.9739   0.417
4131 |  0.580  0.432  0.302  0.7124 0.9085 0.9739   0.417
4284 |  0.580  0.432  0.302  0.7124 0.9085 0.9739   0.417
4437 |  0.580  0.432  0.302  0.7124 0.9085 0.9739   0.417
4590 |  0.580  0.432  0.302  0.7124 0.9085 0.9739   0.417
4743 |  0.580  0.432  0.302  0.7124 0.9085 0.9739   0.417
4896 |  0.580  0.432  0.302  0.7124 0.9085 0.9739   0.417
5049 |  0.580  0.432  0.302  0.7124 0.9085 0.9739   0.417
5202 |  0.580  0.432  0.302  0.7124 0.9085 0.9739   0.417
5355 |  0.580  0.432  0.302  0.7124 0.9085 0.9739   0.417
5508 |  0.580  0.432  0.302  0.7124 0.9085 0.9739   0.417
5661 |  0.580  0.432  0.302  0.7124 0.9085 0.9739   0.417
5814 |  0.580  0.432  0.302  0.7124 0.9085 0.9739   0.417
5967 |  0.580  0.432  0.302  0.7124 0.9085 0.9739   0.417
6120 |  0.580  0.432  0.302  0.7124 0.9085 0.9739   0.417
6273 |  0.580  0.432  0.302  0.7124 0.9085 0.9739   0.417
6426 |  0.580  0.432  0.302  0.7124 0.9085 0.9739   0.417
6579 |  0.580  0.432  0.302  0.7124 0.9085 0.9739   0.417
6732 |  0.580  0.432  0.302  0.7124 0.9085 0.9739   0.417
6885 |  0.580  0.432  0.302  0.7124 0.9085 0.9739   0.417
7038 |  0.580  0.432  0.302  0.7124 0.9085 0.9739   0.417
7191 |  0.580  0.432  0.302  0.7124 0.9085 0.9739   0.417
7344 |  0.580  0.432  0.302  0.7124 0.9085 0.9739   0.417
7497 |  0.580  0.432  0.302  0.7124 0.9085 0.9739   0.417
 613 |  0.580  0.432  0.302  0.7124 0.9085 0.9739   0.417
#
