# Hydraprot_sorted/2fvy_A.pdb
# Protein CA rmsd=  0.000
#  N |   RMSD    Ave    Med   f<0.5  f<1.0  f<1.5
 111 |  5.475  3.608  0.416  0.5135 0.5405 0.5586   0.271
 222 |  2.417  1.269  0.349  0.6396 0.7658 0.7928   0.372
 333 |  1.318  0.731  0.332  0.6847 0.8288 0.8739   0.410
 444 |  1.045  0.615  0.332  0.6847 0.8468 0.9099   0.417
 555 |  0.915  0.549  0.315  0.7027 0.8649 0.9550   0.413
 666 |  0.900  0.542  0.315  0.7027 0.8649 0.9550   0.425
 777 |  0.900  0.542  0.315  0.7027 0.8649 0.9550   0.425
 888 |  0.900  0.542  0.315  0.7027 0.8649 0.9550   0.425
 999 |  0.900  0.542  0.315  0.7027 0.8649 0.9550   0.425
1110 |  0.900  0.542  0.315  0.7027 0.8649 0.9550   0.425
1221 |  0.900  0.542  0.315  0.7027 0.8649 0.9550   0.425
1332 |  0.900  0.542  0.315  0.7027 0.8649 0.9550   0.425
1443 |  0.900  0.542  0.315  0.7027 0.8649 0.9550   0.425
1554 |  0.900  0.542  0.315  0.7027 0.8649 0.9550   0.425
1665 |  0.900  0.542  0.315  0.7027 0.8649 0.9550   0.425
1776 |  0.900  0.542  0.315  0.7027 0.8649 0.9550   0.425
1887 |  0.900  0.542  0.315  0.7027 0.8649 0.9550   0.425
1998 |  0.900  0.542  0.315  0.7027 0.8649 0.9550   0.425
2109 |  0.900  0.542  0.315  0.7027 0.8649 0.9550   0.425
2220 |  0.900  0.542  0.315  0.7027 0.8649 0.9550   0.425
2331 |  0.900  0.542  0.315  0.7027 0.8649 0.9550   0.425
2442 |  0.900  0.542  0.315  0.7027 0.8649 0.9550   0.425
2553 |  0.900  0.542  0.315  0.7027 0.8649 0.9550   0.425
2664 |  0.900  0.542  0.315  0.7027 0.8649 0.9550   0.425
2775 |  0.900  0.542  0.315  0.7027 0.8649 0.9550   0.425
2886 |  0.900  0.542  0.315  0.7027 0.8649 0.9550   0.425
2997 |  0.900  0.542  0.315  0.7027 0.8649 0.9550   0.425
3108 |  0.900  0.542  0.315  0.7027 0.8649 0.9550   0.425
3219 |  0.900  0.542  0.315  0.7027 0.8649 0.9550   0.425
3330 |  0.900  0.542  0.315  0.7027 0.8649 0.9550   0.425
3441 |  0.900  0.542  0.315  0.7027 0.8649 0.9550   0.425
3552 |  0.900  0.542  0.315  0.7027 0.8649 0.9550   0.425
3663 |  0.900  0.542  0.315  0.7027 0.8649 0.9550   0.425
3774 |  0.900  0.542  0.315  0.7027 0.8649 0.9550   0.425
3885 |  0.900  0.542  0.315  0.7027 0.8649 0.9550   0.425
3996 |  0.900  0.542  0.315  0.7027 0.8649 0.9550   0.425
4107 |  0.900  0.542  0.315  0.7027 0.8649 0.9550   0.425
4218 |  0.900  0.542  0.315  0.7027 0.8649 0.9550   0.425
4329 |  0.900  0.542  0.315  0.7027 0.8649 0.9550   0.425
4440 |  0.900  0.542  0.315  0.7027 0.8649 0.9550   0.425
4551 |  0.900  0.542  0.315  0.7027 0.8649 0.9550   0.425
4662 |  0.900  0.542  0.315  0.7027 0.8649 0.9550   0.425
4773 |  0.900  0.542  0.315  0.7027 0.8649 0.9550   0.425
4884 |  0.900  0.542  0.315  0.7027 0.8649 0.9550   0.425
4995 |  0.900  0.542  0.315  0.7027 0.8649 0.9550   0.425
5106 |  0.900  0.542  0.315  0.7027 0.8649 0.9550   0.425
5217 |  0.900  0.542  0.315  0.7027 0.8649 0.9550   0.425
5328 |  0.900  0.542  0.315  0.7027 0.8649 0.9550   0.425
5439 |  0.900  0.542  0.315  0.7027 0.8649 0.9550   0.425
 578 |  0.900  0.542  0.315  0.7027 0.8649 0.9550   0.425
#
