# Hydraprot_sorted/2fwh_A.pdb
# Protein CA rmsd=  0.000
#  N |   RMSD    Ave    Med   f<0.5  f<1.0  f<1.5
  47 |  5.255  3.802  3.188  0.3404 0.4255 0.4681   0.444
  94 |  2.496  1.599  0.587  0.4894 0.6383 0.7021   0.452
 141 |  1.646  1.022  0.467  0.5319 0.7447 0.8298   0.499
 188 |  1.287  0.834  0.465  0.5745 0.7872 0.8723   0.497
 235 |  1.208  0.808  0.465  0.5745 0.7872 0.8723   0.497
 282 |  0.976  0.699  0.455  0.5957 0.8085 0.8936   0.526
 329 |  0.976  0.699  0.455  0.5957 0.8085 0.8936   0.526
 376 |  0.976  0.699  0.455  0.5957 0.8085 0.8936   0.526
 423 |  0.976  0.699  0.455  0.5957 0.8085 0.8936   0.526
 470 |  0.976  0.699  0.455  0.5957 0.8085 0.8936   0.526
 517 |  0.976  0.699  0.455  0.5957 0.8085 0.8936   0.526
 564 |  0.976  0.699  0.455  0.5957 0.8085 0.8936   0.526
 611 |  0.976  0.699  0.455  0.5957 0.8085 0.8936   0.526
 658 |  0.976  0.699  0.455  0.5957 0.8085 0.8936   0.526
 705 |  0.976  0.699  0.455  0.5957 0.8085 0.8936   0.526
 752 |  0.976  0.699  0.455  0.5957 0.8085 0.8936   0.526
 799 |  0.976  0.699  0.455  0.5957 0.8085 0.8936   0.526
 846 |  0.976  0.699  0.455  0.5957 0.8085 0.8936   0.526
 893 |  0.976  0.699  0.455  0.5957 0.8085 0.8936   0.526
 940 |  0.976  0.699  0.455  0.5957 0.8085 0.8936   0.526
 987 |  0.976  0.699  0.455  0.5957 0.8085 0.8936   0.526
1034 |  0.976  0.699  0.455  0.5957 0.8085 0.8936   0.526
1081 |  0.976  0.699  0.455  0.5957 0.8085 0.8936   0.526
1128 |  0.976  0.699  0.455  0.5957 0.8085 0.8936   0.526
1175 |  0.976  0.699  0.455  0.5957 0.8085 0.8936   0.526
1222 |  0.976  0.699  0.455  0.5957 0.8085 0.8936   0.526
1269 |  0.976  0.699  0.455  0.5957 0.8085 0.8936   0.526
1316 |  0.976  0.699  0.455  0.5957 0.8085 0.8936   0.526
1363 |  0.976  0.699  0.455  0.5957 0.8085 0.8936   0.526
1410 |  0.976  0.699  0.455  0.5957 0.8085 0.8936   0.526
1457 |  0.976  0.699  0.455  0.5957 0.8085 0.8936   0.526
1504 |  0.976  0.699  0.455  0.5957 0.8085 0.8936   0.526
1551 |  0.976  0.699  0.455  0.5957 0.8085 0.8936   0.526
1598 |  0.976  0.699  0.455  0.5957 0.8085 0.8936   0.526
1645 |  0.976  0.699  0.455  0.5957 0.8085 0.8936   0.526
1692 |  0.976  0.699  0.455  0.5957 0.8085 0.8936   0.526
1739 |  0.976  0.699  0.455  0.5957 0.8085 0.8936   0.526
1786 |  0.976  0.699  0.455  0.5957 0.8085 0.8936   0.526
1833 |  0.976  0.699  0.455  0.5957 0.8085 0.8936   0.526
1880 |  0.976  0.699  0.455  0.5957 0.8085 0.8936   0.526
1927 |  0.976  0.699  0.455  0.5957 0.8085 0.8936   0.526
1974 |  0.976  0.699  0.455  0.5957 0.8085 0.8936   0.526
2021 |  0.976  0.699  0.455  0.5957 0.8085 0.8936   0.526
2068 |  0.976  0.699  0.455  0.5957 0.8085 0.8936   0.526
2115 |  0.976  0.699  0.455  0.5957 0.8085 0.8936   0.526
2162 |  0.976  0.699  0.455  0.5957 0.8085 0.8936   0.526
2209 |  0.976  0.699  0.455  0.5957 0.8085 0.8936   0.526
2256 |  0.976  0.699  0.455  0.5957 0.8085 0.8936   0.526
2303 |  0.976  0.699  0.455  0.5957 0.8085 0.8936   0.526
 251 |  0.976  0.699  0.455  0.5957 0.8085 0.8936   0.526
#
