# Hydraprot_sorted/2gud_A.pdb
# Protein CA rmsd=  0.000
#  N |   RMSD    Ave    Med   f<0.5  f<1.0  f<1.5
  43 |  5.330  3.768  1.912  0.4186 0.4651 0.4884   0.396
  86 |  3.382  2.139  0.478  0.5116 0.6047 0.6512   0.418
 129 |  2.454  1.481  0.408  0.5814 0.6744 0.7442   0.433
 172 |  1.912  1.134  0.408  0.5814 0.7209 0.7907   0.450
 215 |  1.718  0.972  0.383  0.6279 0.7674 0.8372   0.439
 258 |  1.627  0.932  0.383  0.6279 0.7674 0.8372   0.439
 301 |  1.627  0.932  0.383  0.6279 0.7674 0.8372   0.439
 344 |  1.627  0.932  0.383  0.6279 0.7674 0.8372   0.439
 387 |  1.627  0.932  0.383  0.6279 0.7674 0.8372   0.439
 430 |  1.627  0.932  0.383  0.6279 0.7674 0.8372   0.439
 473 |  1.627  0.932  0.383  0.6279 0.7674 0.8372   0.439
 516 |  1.627  0.932  0.383  0.6279 0.7674 0.8372   0.439
 559 |  1.627  0.932  0.383  0.6279 0.7674 0.8372   0.439
 602 |  1.627  0.932  0.383  0.6279 0.7674 0.8372   0.439
 645 |  1.627  0.932  0.383  0.6279 0.7674 0.8372   0.439
 688 |  1.627  0.932  0.383  0.6279 0.7674 0.8372   0.439
 731 |  1.627  0.932  0.383  0.6279 0.7674 0.8372   0.439
 774 |  1.627  0.932  0.383  0.6279 0.7674 0.8372   0.439
 817 |  1.627  0.932  0.383  0.6279 0.7674 0.8372   0.439
 860 |  1.627  0.932  0.383  0.6279 0.7674 0.8372   0.439
 903 |  1.627  0.932  0.383  0.6279 0.7674 0.8372   0.439
 946 |  1.627  0.932  0.383  0.6279 0.7674 0.8372   0.439
 989 |  1.627  0.932  0.383  0.6279 0.7674 0.8372   0.439
1032 |  1.627  0.932  0.383  0.6279 0.7674 0.8372   0.439
1075 |  1.627  0.932  0.383  0.6279 0.7674 0.8372   0.439
1118 |  1.627  0.932  0.383  0.6279 0.7674 0.8372   0.439
1161 |  1.627  0.932  0.383  0.6279 0.7674 0.8372   0.439
1204 |  1.627  0.932  0.383  0.6279 0.7674 0.8372   0.439
1247 |  1.627  0.932  0.383  0.6279 0.7674 0.8372   0.439
1290 |  1.627  0.932  0.383  0.6279 0.7674 0.8372   0.439
1333 |  1.627  0.932  0.383  0.6279 0.7674 0.8372   0.439
1376 |  1.627  0.932  0.383  0.6279 0.7674 0.8372   0.439
1419 |  1.627  0.932  0.383  0.6279 0.7674 0.8372   0.439
1462 |  1.627  0.932  0.383  0.6279 0.7674 0.8372   0.439
1505 |  1.627  0.932  0.383  0.6279 0.7674 0.8372   0.439
1548 |  1.627  0.932  0.383  0.6279 0.7674 0.8372   0.439
1591 |  1.627  0.932  0.383  0.6279 0.7674 0.8372   0.439
1634 |  1.627  0.932  0.383  0.6279 0.7674 0.8372   0.439
1677 |  1.627  0.932  0.383  0.6279 0.7674 0.8372   0.439
1720 |  1.627  0.932  0.383  0.6279 0.7674 0.8372   0.439
1763 |  1.627  0.932  0.383  0.6279 0.7674 0.8372   0.439
1806 |  1.627  0.932  0.383  0.6279 0.7674 0.8372   0.439
1849 |  1.627  0.932  0.383  0.6279 0.7674 0.8372   0.439
1892 |  1.627  0.932  0.383  0.6279 0.7674 0.8372   0.439
1935 |  1.627  0.932  0.383  0.6279 0.7674 0.8372   0.439
1978 |  1.627  0.932  0.383  0.6279 0.7674 0.8372   0.439
2021 |  1.627  0.932  0.383  0.6279 0.7674 0.8372   0.439
2064 |  1.627  0.932  0.383  0.6279 0.7674 0.8372   0.439
2107 |  1.627  0.932  0.383  0.6279 0.7674 0.8372   0.439
 243 |  1.627  0.932  0.383  0.6279 0.7674 0.8372   0.439
#
