# Hydraprot_sorted/2h5c_A.pdb
# Protein CA rmsd=  0.000
#  N |   RMSD    Ave    Med   f<0.5  f<1.0  f<1.5
  70 |  5.585  4.030  3.370  0.3571 0.4143 0.4429   0.393
 140 |  3.210  1.985  0.460  0.5000 0.5857 0.6286   0.429
 210 |  2.252  1.252  0.412  0.5714 0.6714 0.7286   0.474
 280 |  1.792  1.021  0.407  0.6000 0.7000 0.7571   0.493
 350 |  1.547  0.853  0.407  0.6143 0.7286 0.8000   0.548
 420 |  1.483  0.804  0.407  0.6143 0.7571 0.8286   0.562
 490 |  1.483  0.804  0.407  0.6143 0.7571 0.8286   0.562
 560 |  1.483  0.804  0.407  0.6143 0.7571 0.8286   0.562
 630 |  1.483  0.804  0.407  0.6143 0.7571 0.8286   0.562
 700 |  1.483  0.804  0.407  0.6143 0.7571 0.8286   0.562
 770 |  1.483  0.804  0.407  0.6143 0.7571 0.8286   0.562
 840 |  1.483  0.804  0.407  0.6143 0.7571 0.8286   0.562
 910 |  1.483  0.804  0.407  0.6143 0.7571 0.8286   0.562
 980 |  1.483  0.804  0.407  0.6143 0.7571 0.8286   0.562
1050 |  1.483  0.804  0.407  0.6143 0.7571 0.8286   0.562
1120 |  1.483  0.804  0.407  0.6143 0.7571 0.8286   0.562
1190 |  1.483  0.804  0.407  0.6143 0.7571 0.8286   0.562
1260 |  1.483  0.804  0.407  0.6143 0.7571 0.8286   0.562
1330 |  1.483  0.804  0.407  0.6143 0.7571 0.8286   0.562
1400 |  1.483  0.804  0.407  0.6143 0.7571 0.8286   0.562
1470 |  1.483  0.804  0.407  0.6143 0.7571 0.8286   0.562
1540 |  1.483  0.804  0.407  0.6143 0.7571 0.8286   0.562
1610 |  1.483  0.804  0.407  0.6143 0.7571 0.8286   0.562
1680 |  1.483  0.804  0.407  0.6143 0.7571 0.8286   0.562
1750 |  1.483  0.804  0.407  0.6143 0.7571 0.8286   0.562
1820 |  1.483  0.804  0.407  0.6143 0.7571 0.8286   0.562
1890 |  1.483  0.804  0.407  0.6143 0.7571 0.8286   0.562
1960 |  1.483  0.804  0.407  0.6143 0.7571 0.8286   0.562
2030 |  1.483  0.804  0.407  0.6143 0.7571 0.8286   0.562
2100 |  1.483  0.804  0.407  0.6143 0.7571 0.8286   0.562
2170 |  1.483  0.804  0.407  0.6143 0.7571 0.8286   0.562
2240 |  1.483  0.804  0.407  0.6143 0.7571 0.8286   0.562
2310 |  1.483  0.804  0.407  0.6143 0.7571 0.8286   0.562
2380 |  1.483  0.804  0.407  0.6143 0.7571 0.8286   0.562
2450 |  1.483  0.804  0.407  0.6143 0.7571 0.8286   0.562
2520 |  1.483  0.804  0.407  0.6143 0.7571 0.8286   0.562
2590 |  1.483  0.804  0.407  0.6143 0.7571 0.8286   0.562
2660 |  1.483  0.804  0.407  0.6143 0.7571 0.8286   0.562
2730 |  1.483  0.804  0.407  0.6143 0.7571 0.8286   0.562
2800 |  1.483  0.804  0.407  0.6143 0.7571 0.8286   0.562
2870 |  1.483  0.804  0.407  0.6143 0.7571 0.8286   0.562
2940 |  1.483  0.804  0.407  0.6143 0.7571 0.8286   0.562
3010 |  1.483  0.804  0.407  0.6143 0.7571 0.8286   0.562
3080 |  1.483  0.804  0.407  0.6143 0.7571 0.8286   0.562
3150 |  1.483  0.804  0.407  0.6143 0.7571 0.8286   0.562
3220 |  1.483  0.804  0.407  0.6143 0.7571 0.8286   0.562
3290 |  1.483  0.804  0.407  0.6143 0.7571 0.8286   0.562
3360 |  1.483  0.804  0.407  0.6143 0.7571 0.8286   0.562
3430 |  1.483  0.804  0.407  0.6143 0.7571 0.8286   0.562
 361 |  1.483  0.804  0.407  0.6143 0.7571 0.8286   0.562
#
