# Hydraprot_sorted/2jfr_A.pdb
# Protein CA rmsd=  0.000
#  N |   RMSD    Ave    Med   f<0.5  f<1.0  f<1.5
  80 |  5.669  3.965  1.792  0.4375 0.4625 0.4625   0.411
 160 |  2.661  1.481  0.409  0.5875 0.7000 0.7250   0.473
 240 |  1.553  0.928  0.402  0.6125 0.7625 0.8125   0.485
 320 |  1.048  0.687  0.386  0.6375 0.8000 0.8750   0.502
 400 |  0.908  0.621  0.380  0.6500 0.8125 0.9000   0.509
 480 |  0.786  0.564  0.354  0.6625 0.8250 0.9250   0.514
 560 |  0.786  0.564  0.354  0.6625 0.8250 0.9250   0.514
 640 |  0.786  0.564  0.354  0.6625 0.8250 0.9250   0.514
 720 |  0.786  0.564  0.354  0.6625 0.8250 0.9250   0.514
 800 |  0.786  0.564  0.354  0.6625 0.8250 0.9250   0.514
 880 |  0.786  0.564  0.354  0.6625 0.8250 0.9250   0.514
 960 |  0.786  0.564  0.354  0.6625 0.8250 0.9250   0.514
1040 |  0.786  0.564  0.354  0.6625 0.8250 0.9250   0.514
1120 |  0.786  0.564  0.354  0.6625 0.8250 0.9250   0.514
1200 |  0.786  0.564  0.354  0.6625 0.8250 0.9250   0.514
1280 |  0.786  0.564  0.354  0.6625 0.8250 0.9250   0.514
1360 |  0.786  0.564  0.354  0.6625 0.8250 0.9250   0.514
1440 |  0.786  0.564  0.354  0.6625 0.8250 0.9250   0.514
1520 |  0.786  0.564  0.354  0.6625 0.8250 0.9250   0.514
1600 |  0.786  0.564  0.354  0.6625 0.8250 0.9250   0.514
1680 |  0.786  0.564  0.354  0.6625 0.8250 0.9250   0.514
1760 |  0.786  0.564  0.354  0.6625 0.8250 0.9250   0.514
1840 |  0.786  0.564  0.354  0.6625 0.8250 0.9250   0.514
1920 |  0.786  0.564  0.354  0.6625 0.8250 0.9250   0.514
2000 |  0.786  0.564  0.354  0.6625 0.8250 0.9250   0.514
2080 |  0.786  0.564  0.354  0.6625 0.8250 0.9250   0.514
2160 |  0.786  0.564  0.354  0.6625 0.8250 0.9250   0.514
2240 |  0.786  0.564  0.354  0.6625 0.8250 0.9250   0.514
2320 |  0.786  0.564  0.354  0.6625 0.8250 0.9250   0.514
2400 |  0.786  0.564  0.354  0.6625 0.8250 0.9250   0.514
2480 |  0.786  0.564  0.354  0.6625 0.8250 0.9250   0.514
2560 |  0.786  0.564  0.354  0.6625 0.8250 0.9250   0.514
2640 |  0.786  0.564  0.354  0.6625 0.8250 0.9250   0.514
2720 |  0.786  0.564  0.354  0.6625 0.8250 0.9250   0.514
2800 |  0.786  0.564  0.354  0.6625 0.8250 0.9250   0.514
2880 |  0.786  0.564  0.354  0.6625 0.8250 0.9250   0.514
2960 |  0.786  0.564  0.354  0.6625 0.8250 0.9250   0.514
3040 |  0.786  0.564  0.354  0.6625 0.8250 0.9250   0.514
3120 |  0.786  0.564  0.354  0.6625 0.8250 0.9250   0.514
3200 |  0.786  0.564  0.354  0.6625 0.8250 0.9250   0.514
3280 |  0.786  0.564  0.354  0.6625 0.8250 0.9250   0.514
3360 |  0.786  0.564  0.354  0.6625 0.8250 0.9250   0.514
3440 |  0.786  0.564  0.354  0.6625 0.8250 0.9250   0.514
3520 |  0.786  0.564  0.354  0.6625 0.8250 0.9250   0.514
3600 |  0.786  0.564  0.354  0.6625 0.8250 0.9250   0.514
3680 |  0.786  0.564  0.354  0.6625 0.8250 0.9250   0.514
3760 |  0.786  0.564  0.354  0.6625 0.8250 0.9250   0.514
3840 |  0.786  0.564  0.354  0.6625 0.8250 0.9250   0.514
3920 |  0.786  0.564  0.354  0.6625 0.8250 0.9250   0.514
 461 |  0.786  0.564  0.354  0.6625 0.8250 0.9250   0.514
#
