# Hydraprot_sorted/2jhf_A.pdb
# Protein CA rmsd=  0.000
#  N |   RMSD    Ave    Med   f<0.5  f<1.0  f<1.5
 121 |  5.292  3.349  0.451  0.5124 0.6033 0.6198   0.343
 242 |  2.333  1.202  0.344  0.6281 0.8017 0.8264   0.372
 363 |  1.344  0.743  0.337  0.6446 0.8595 0.8926   0.401
 484 |  0.736  0.510  0.337  0.6694 0.8926 0.9587   0.434
 605 |  0.580  0.449  0.325  0.6860 0.9174 0.9835   0.435
 726 |  0.580  0.449  0.325  0.6860 0.9174 0.9835   0.435
 847 |  0.580  0.449  0.325  0.6860 0.9174 0.9835   0.435
 968 |  0.580  0.449  0.325  0.6860 0.9174 0.9835   0.435
1089 |  0.580  0.449  0.325  0.6860 0.9174 0.9835   0.435
1210 |  0.580  0.449  0.325  0.6860 0.9174 0.9835   0.435
1331 |  0.580  0.449  0.325  0.6860 0.9174 0.9835   0.435
1452 |  0.580  0.449  0.325  0.6860 0.9174 0.9835   0.435
1573 |  0.580  0.449  0.325  0.6860 0.9174 0.9835   0.435
1694 |  0.580  0.449  0.325  0.6860 0.9174 0.9835   0.435
1815 |  0.580  0.449  0.325  0.6860 0.9174 0.9835   0.435
1936 |  0.580  0.449  0.325  0.6860 0.9174 0.9835   0.435
2057 |  0.580  0.449  0.325  0.6860 0.9174 0.9835   0.435
2178 |  0.580  0.449  0.325  0.6860 0.9174 0.9835   0.435
2299 |  0.580  0.449  0.325  0.6860 0.9174 0.9835   0.435
2420 |  0.580  0.449  0.325  0.6860 0.9174 0.9835   0.435
2541 |  0.580  0.449  0.325  0.6860 0.9174 0.9835   0.435
2662 |  0.580  0.449  0.325  0.6860 0.9174 0.9835   0.435
2783 |  0.580  0.449  0.325  0.6860 0.9174 0.9835   0.435
2904 |  0.580  0.449  0.325  0.6860 0.9174 0.9835   0.435
3025 |  0.580  0.449  0.325  0.6860 0.9174 0.9835   0.435
3146 |  0.580  0.449  0.325  0.6860 0.9174 0.9835   0.435
3267 |  0.580  0.449  0.325  0.6860 0.9174 0.9835   0.435
3388 |  0.580  0.449  0.325  0.6860 0.9174 0.9835   0.435
3509 |  0.580  0.449  0.325  0.6860 0.9174 0.9835   0.435
3630 |  0.580  0.449  0.325  0.6860 0.9174 0.9835   0.435
3751 |  0.580  0.449  0.325  0.6860 0.9174 0.9835   0.435
3872 |  0.580  0.449  0.325  0.6860 0.9174 0.9835   0.435
3993 |  0.580  0.449  0.325  0.6860 0.9174 0.9835   0.435
4114 |  0.580  0.449  0.325  0.6860 0.9174 0.9835   0.435
4235 |  0.580  0.449  0.325  0.6860 0.9174 0.9835   0.435
4356 |  0.580  0.449  0.325  0.6860 0.9174 0.9835   0.435
4477 |  0.580  0.449  0.325  0.6860 0.9174 0.9835   0.435
4598 |  0.580  0.449  0.325  0.6860 0.9174 0.9835   0.435
4719 |  0.580  0.449  0.325  0.6860 0.9174 0.9835   0.435
4840 |  0.580  0.449  0.325  0.6860 0.9174 0.9835   0.435
4961 |  0.580  0.449  0.325  0.6860 0.9174 0.9835   0.435
5082 |  0.580  0.449  0.325  0.6860 0.9174 0.9835   0.435
5203 |  0.580  0.449  0.325  0.6860 0.9174 0.9835   0.435
5324 |  0.580  0.449  0.325  0.6860 0.9174 0.9835   0.435
5445 |  0.580  0.449  0.325  0.6860 0.9174 0.9835   0.435
5566 |  0.580  0.449  0.325  0.6860 0.9174 0.9835   0.435
5687 |  0.580  0.449  0.325  0.6860 0.9174 0.9835   0.435
5808 |  0.580  0.449  0.325  0.6860 0.9174 0.9835   0.435
5929 |  0.580  0.449  0.325  0.6860 0.9174 0.9835   0.435
 679 |  0.580  0.449  0.325  0.6860 0.9174 0.9835   0.435
#
