# Hydraprot_sorted/2pnd_A.pdb
# Protein CA rmsd=  0.000
#  N |   RMSD    Ave    Med   f<0.5  f<1.0  f<1.5
  59 |  4.843  3.126  0.636  0.4915 0.5424 0.5763   0.418
 118 |  2.100  1.117  0.370  0.5763 0.7458 0.8136   0.515
 177 |  1.553  0.902  0.370  0.5763 0.7797 0.8475   0.518
 236 |  1.116  0.707  0.370  0.5932 0.7966 0.8983   0.540
 295 |  0.737  0.566  0.370  0.6102 0.8305 0.9322   0.538
 354 |  0.737  0.566  0.370  0.6102 0.8305 0.9322   0.538
 413 |  0.737  0.566  0.370  0.6102 0.8305 0.9322   0.538
 472 |  0.737  0.566  0.370  0.6102 0.8305 0.9322   0.538
 531 |  0.737  0.566  0.370  0.6102 0.8305 0.9322   0.538
 590 |  0.737  0.566  0.370  0.6102 0.8305 0.9322   0.538
 649 |  0.737  0.566  0.370  0.6102 0.8305 0.9322   0.538
 708 |  0.737  0.566  0.370  0.6102 0.8305 0.9322   0.538
 767 |  0.737  0.566  0.370  0.6102 0.8305 0.9322   0.538
 826 |  0.737  0.566  0.370  0.6102 0.8305 0.9322   0.538
 885 |  0.737  0.566  0.370  0.6102 0.8305 0.9322   0.538
 944 |  0.737  0.566  0.370  0.6102 0.8305 0.9322   0.538
1003 |  0.737  0.566  0.370  0.6102 0.8305 0.9322   0.538
1062 |  0.737  0.566  0.370  0.6102 0.8305 0.9322   0.538
1121 |  0.737  0.566  0.370  0.6102 0.8305 0.9322   0.538
1180 |  0.737  0.566  0.370  0.6102 0.8305 0.9322   0.538
1239 |  0.737  0.566  0.370  0.6102 0.8305 0.9322   0.538
1298 |  0.737  0.566  0.370  0.6102 0.8305 0.9322   0.538
1357 |  0.737  0.566  0.370  0.6102 0.8305 0.9322   0.538
1416 |  0.737  0.566  0.370  0.6102 0.8305 0.9322   0.538
1475 |  0.737  0.566  0.370  0.6102 0.8305 0.9322   0.538
1534 |  0.737  0.566  0.370  0.6102 0.8305 0.9322   0.538
1593 |  0.737  0.566  0.370  0.6102 0.8305 0.9322   0.538
1652 |  0.737  0.566  0.370  0.6102 0.8305 0.9322   0.538
1711 |  0.737  0.566  0.370  0.6102 0.8305 0.9322   0.538
1770 |  0.737  0.566  0.370  0.6102 0.8305 0.9322   0.538
1829 |  0.737  0.566  0.370  0.6102 0.8305 0.9322   0.538
1888 |  0.737  0.566  0.370  0.6102 0.8305 0.9322   0.538
1947 |  0.737  0.566  0.370  0.6102 0.8305 0.9322   0.538
2006 |  0.737  0.566  0.370  0.6102 0.8305 0.9322   0.538
2065 |  0.737  0.566  0.370  0.6102 0.8305 0.9322   0.538
2124 |  0.737  0.566  0.370  0.6102 0.8305 0.9322   0.538
2183 |  0.737  0.566  0.370  0.6102 0.8305 0.9322   0.538
2242 |  0.737  0.566  0.370  0.6102 0.8305 0.9322   0.538
2301 |  0.737  0.566  0.370  0.6102 0.8305 0.9322   0.538
2360 |  0.737  0.566  0.370  0.6102 0.8305 0.9322   0.538
2419 |  0.737  0.566  0.370  0.6102 0.8305 0.9322   0.538
2478 |  0.737  0.566  0.370  0.6102 0.8305 0.9322   0.538
2537 |  0.737  0.566  0.370  0.6102 0.8305 0.9322   0.538
2596 |  0.737  0.566  0.370  0.6102 0.8305 0.9322   0.538
2655 |  0.737  0.566  0.370  0.6102 0.8305 0.9322   0.538
2714 |  0.737  0.566  0.370  0.6102 0.8305 0.9322   0.538
2773 |  0.737  0.566  0.370  0.6102 0.8305 0.9322   0.538
2832 |  0.737  0.566  0.370  0.6102 0.8305 0.9322   0.538
2891 |  0.737  0.566  0.370  0.6102 0.8305 0.9322   0.538
 262 |  0.737  0.566  0.370  0.6102 0.8305 0.9322   0.538
#
