# Hydraprot_sorted/2pvb_A.pdb
# Protein CA rmsd=  0.000
#  N |   RMSD    Ave    Med   f<0.5  f<1.0  f<1.5
  38 |  5.861  4.347  4.664  0.3158 0.4474 0.4474   0.339
  76 |  3.112  1.990  0.559  0.4474 0.6053 0.6579   0.410
 114 |  1.806  1.053  0.485  0.5263 0.7632 0.8158   0.426
 152 |  1.409  0.908  0.485  0.5263 0.7632 0.8158   0.426
 190 |  0.998  0.680  0.405  0.5789 0.8158 0.8684   0.461
 228 |  0.744  0.551  0.405  0.5789 0.8947 0.9474   0.456
 266 |  0.744  0.551  0.405  0.5789 0.8947 0.9474   0.456
 304 |  0.744  0.551  0.405  0.5789 0.8947 0.9474   0.456
 342 |  0.744  0.551  0.405  0.5789 0.8947 0.9474   0.456
 380 |  0.744  0.551  0.405  0.5789 0.8947 0.9474   0.456
 418 |  0.744  0.551  0.405  0.5789 0.8947 0.9474   0.456
 456 |  0.744  0.551  0.405  0.5789 0.8947 0.9474   0.456
 494 |  0.744  0.551  0.405  0.5789 0.8947 0.9474   0.456
 532 |  0.744  0.551  0.405  0.5789 0.8947 0.9474   0.456
 570 |  0.744  0.551  0.405  0.5789 0.8947 0.9474   0.456
 608 |  0.744  0.551  0.405  0.5789 0.8947 0.9474   0.456
 646 |  0.744  0.551  0.405  0.5789 0.8947 0.9474   0.456
 684 |  0.744  0.551  0.405  0.5789 0.8947 0.9474   0.456
 722 |  0.744  0.551  0.405  0.5789 0.8947 0.9474   0.456
 760 |  0.744  0.551  0.405  0.5789 0.8947 0.9474   0.456
 798 |  0.744  0.551  0.405  0.5789 0.8947 0.9474   0.456
 836 |  0.744  0.551  0.405  0.5789 0.8947 0.9474   0.456
 874 |  0.744  0.551  0.405  0.5789 0.8947 0.9474   0.456
 912 |  0.744  0.551  0.405  0.5789 0.8947 0.9474   0.456
 950 |  0.744  0.551  0.405  0.5789 0.8947 0.9474   0.456
 988 |  0.744  0.551  0.405  0.5789 0.8947 0.9474   0.456
1026 |  0.744  0.551  0.405  0.5789 0.8947 0.9474   0.456
1064 |  0.744  0.551  0.405  0.5789 0.8947 0.9474   0.456
1102 |  0.744  0.551  0.405  0.5789 0.8947 0.9474   0.456
1140 |  0.744  0.551  0.405  0.5789 0.8947 0.9474   0.456
1178 |  0.744  0.551  0.405  0.5789 0.8947 0.9474   0.456
1216 |  0.744  0.551  0.405  0.5789 0.8947 0.9474   0.456
1254 |  0.744  0.551  0.405  0.5789 0.8947 0.9474   0.456
1292 |  0.744  0.551  0.405  0.5789 0.8947 0.9474   0.456
1330 |  0.744  0.551  0.405  0.5789 0.8947 0.9474   0.456
1368 |  0.744  0.551  0.405  0.5789 0.8947 0.9474   0.456
1406 |  0.744  0.551  0.405  0.5789 0.8947 0.9474   0.456
1444 |  0.744  0.551  0.405  0.5789 0.8947 0.9474   0.456
1482 |  0.744  0.551  0.405  0.5789 0.8947 0.9474   0.456
1520 |  0.744  0.551  0.405  0.5789 0.8947 0.9474   0.456
1558 |  0.744  0.551  0.405  0.5789 0.8947 0.9474   0.456
1596 |  0.744  0.551  0.405  0.5789 0.8947 0.9474   0.456
1634 |  0.744  0.551  0.405  0.5789 0.8947 0.9474   0.456
1672 |  0.744  0.551  0.405  0.5789 0.8947 0.9474   0.456
1710 |  0.744  0.551  0.405  0.5789 0.8947 0.9474   0.456
1748 |  0.744  0.551  0.405  0.5789 0.8947 0.9474   0.456
1786 |  0.744  0.551  0.405  0.5789 0.8947 0.9474   0.456
1824 |  0.744  0.551  0.405  0.5789 0.8947 0.9474   0.456
1862 |  0.744  0.551  0.405  0.5789 0.8947 0.9474   0.456
 223 |  0.744  0.551  0.405  0.5789 0.8947 0.9474   0.456
#
