# Hydraprot_sorted/2rbk_A.pdb
# Protein CA rmsd=  0.000
#  N |   RMSD    Ave    Med   f<0.5  f<1.0  f<1.5
 102 |  5.224  3.456  0.623  0.4608 0.5588 0.5588   0.341
 204 |  2.428  1.279  0.357  0.6275 0.7647 0.7843   0.361
 306 |  1.252  0.664  0.347  0.6667 0.8824 0.9118   0.405
 408 |  0.890  0.528  0.347  0.6667 0.9216 0.9510   0.402
 510 |  0.706  0.456  0.344  0.6765 0.9412 0.9804   0.411
 612 |  0.706  0.456  0.344  0.6765 0.9412 0.9804   0.411
 714 |  0.706  0.456  0.344  0.6765 0.9412 0.9804   0.411
 816 |  0.706  0.456  0.344  0.6765 0.9412 0.9804   0.411
 918 |  0.706  0.456  0.344  0.6765 0.9412 0.9804   0.411
1020 |  0.706  0.456  0.344  0.6765 0.9412 0.9804   0.411
1122 |  0.706  0.456  0.344  0.6765 0.9412 0.9804   0.411
1224 |  0.706  0.456  0.344  0.6765 0.9412 0.9804   0.411
1326 |  0.706  0.456  0.344  0.6765 0.9412 0.9804   0.411
1428 |  0.706  0.456  0.344  0.6765 0.9412 0.9804   0.411
1530 |  0.706  0.456  0.344  0.6765 0.9412 0.9804   0.411
1632 |  0.706  0.456  0.344  0.6765 0.9412 0.9804   0.411
1734 |  0.706  0.456  0.344  0.6765 0.9412 0.9804   0.411
1836 |  0.706  0.456  0.344  0.6765 0.9412 0.9804   0.411
1938 |  0.706  0.456  0.344  0.6765 0.9412 0.9804   0.411
2040 |  0.706  0.456  0.344  0.6765 0.9412 0.9804   0.411
2142 |  0.706  0.456  0.344  0.6765 0.9412 0.9804   0.411
2244 |  0.706  0.456  0.344  0.6765 0.9412 0.9804   0.411
2346 |  0.706  0.456  0.344  0.6765 0.9412 0.9804   0.411
2448 |  0.706  0.456  0.344  0.6765 0.9412 0.9804   0.411
2550 |  0.706  0.456  0.344  0.6765 0.9412 0.9804   0.411
2652 |  0.706  0.456  0.344  0.6765 0.9412 0.9804   0.411
2754 |  0.706  0.456  0.344  0.6765 0.9412 0.9804   0.411
2856 |  0.706  0.456  0.344  0.6765 0.9412 0.9804   0.411
2958 |  0.706  0.456  0.344  0.6765 0.9412 0.9804   0.411
3060 |  0.706  0.456  0.344  0.6765 0.9412 0.9804   0.411
3162 |  0.706  0.456  0.344  0.6765 0.9412 0.9804   0.411
3264 |  0.706  0.456  0.344  0.6765 0.9412 0.9804   0.411
3366 |  0.706  0.456  0.344  0.6765 0.9412 0.9804   0.411
3468 |  0.706  0.456  0.344  0.6765 0.9412 0.9804   0.411
3570 |  0.706  0.456  0.344  0.6765 0.9412 0.9804   0.411
3672 |  0.706  0.456  0.344  0.6765 0.9412 0.9804   0.411
3774 |  0.706  0.456  0.344  0.6765 0.9412 0.9804   0.411
3876 |  0.706  0.456  0.344  0.6765 0.9412 0.9804   0.411
3978 |  0.706  0.456  0.344  0.6765 0.9412 0.9804   0.411
4080 |  0.706  0.456  0.344  0.6765 0.9412 0.9804   0.411
4182 |  0.706  0.456  0.344  0.6765 0.9412 0.9804   0.411
4284 |  0.706  0.456  0.344  0.6765 0.9412 0.9804   0.411
4386 |  0.706  0.456  0.344  0.6765 0.9412 0.9804   0.411
4488 |  0.706  0.456  0.344  0.6765 0.9412 0.9804   0.411
4590 |  0.706  0.456  0.344  0.6765 0.9412 0.9804   0.411
4692 |  0.706  0.456  0.344  0.6765 0.9412 0.9804   0.411
4794 |  0.706  0.456  0.344  0.6765 0.9412 0.9804   0.411
4896 |  0.706  0.456  0.344  0.6765 0.9412 0.9804   0.411
4998 |  0.706  0.456  0.344  0.6765 0.9412 0.9804   0.411
 498 |  0.706  0.456  0.344  0.6765 0.9412 0.9804   0.411
#
