# Hydraprot_sorted/2v1m_A.pdb
# Protein CA rmsd=  0.000
#  N |   RMSD    Ave    Med   f<0.5  f<1.0  f<1.5
  73 |  5.624  3.899  0.813  0.4247 0.5068 0.5068   0.294
 146 |  2.716  1.468  0.355  0.6164 0.7808 0.7808   0.348
 219 |  1.249  0.729  0.345  0.6575 0.8493 0.8904   0.390
 292 |  1.010  0.629  0.345  0.6575 0.8493 0.9178   0.416
 365 |  0.899  0.576  0.345  0.6575 0.8630 0.9452   0.431
 438 |  0.899  0.576  0.345  0.6575 0.8630 0.9452   0.431
 511 |  0.899  0.576  0.345  0.6575 0.8630 0.9452   0.431
 584 |  0.899  0.576  0.345  0.6575 0.8630 0.9452   0.431
 657 |  0.899  0.576  0.345  0.6575 0.8630 0.9452   0.431
 730 |  0.899  0.576  0.345  0.6575 0.8630 0.9452   0.431
 803 |  0.899  0.576  0.345  0.6575 0.8630 0.9452   0.431
 876 |  0.899  0.576  0.345  0.6575 0.8630 0.9452   0.431
 949 |  0.899  0.576  0.345  0.6575 0.8630 0.9452   0.431
1022 |  0.899  0.576  0.345  0.6575 0.8630 0.9452   0.431
1095 |  0.899  0.576  0.345  0.6575 0.8630 0.9452   0.431
1168 |  0.899  0.576  0.345  0.6575 0.8630 0.9452   0.431
1241 |  0.899  0.576  0.345  0.6575 0.8630 0.9452   0.431
1314 |  0.899  0.576  0.345  0.6575 0.8630 0.9452   0.431
1387 |  0.899  0.576  0.345  0.6575 0.8630 0.9452   0.431
1460 |  0.899  0.576  0.345  0.6575 0.8630 0.9452   0.431
1533 |  0.899  0.576  0.345  0.6575 0.8630 0.9452   0.431
1606 |  0.899  0.576  0.345  0.6575 0.8630 0.9452   0.431
1679 |  0.899  0.576  0.345  0.6575 0.8630 0.9452   0.431
1752 |  0.899  0.576  0.345  0.6575 0.8630 0.9452   0.431
1825 |  0.899  0.576  0.345  0.6575 0.8630 0.9452   0.431
1898 |  0.899  0.576  0.345  0.6575 0.8630 0.9452   0.431
1971 |  0.899  0.576  0.345  0.6575 0.8630 0.9452   0.431
2044 |  0.899  0.576  0.345  0.6575 0.8630 0.9452   0.431
2117 |  0.899  0.576  0.345  0.6575 0.8630 0.9452   0.431
2190 |  0.899  0.576  0.345  0.6575 0.8630 0.9452   0.431
2263 |  0.899  0.576  0.345  0.6575 0.8630 0.9452   0.431
2336 |  0.899  0.576  0.345  0.6575 0.8630 0.9452   0.431
2409 |  0.899  0.576  0.345  0.6575 0.8630 0.9452   0.431
2482 |  0.899  0.576  0.345  0.6575 0.8630 0.9452   0.431
2555 |  0.899  0.576  0.345  0.6575 0.8630 0.9452   0.431
2628 |  0.899  0.576  0.345  0.6575 0.8630 0.9452   0.431
2701 |  0.899  0.576  0.345  0.6575 0.8630 0.9452   0.431
2774 |  0.899  0.576  0.345  0.6575 0.8630 0.9452   0.431
2847 |  0.899  0.576  0.345  0.6575 0.8630 0.9452   0.431
2920 |  0.899  0.576  0.345  0.6575 0.8630 0.9452   0.431
2993 |  0.899  0.576  0.345  0.6575 0.8630 0.9452   0.431
3066 |  0.899  0.576  0.345  0.6575 0.8630 0.9452   0.431
3139 |  0.899  0.576  0.345  0.6575 0.8630 0.9452   0.431
3212 |  0.899  0.576  0.345  0.6575 0.8630 0.9452   0.431
3285 |  0.899  0.576  0.345  0.6575 0.8630 0.9452   0.431
3358 |  0.899  0.576  0.345  0.6575 0.8630 0.9452   0.431
3431 |  0.899  0.576  0.345  0.6575 0.8630 0.9452   0.431
3504 |  0.899  0.576  0.345  0.6575 0.8630 0.9452   0.431
3577 |  0.899  0.576  0.345  0.6575 0.8630 0.9452   0.431
 339 |  0.899  0.576  0.345  0.6575 0.8630 0.9452   0.431
#
