# Hydraprot_sorted/2vb1_A.pdb
# Protein CA rmsd=  0.000
#  N |   RMSD    Ave    Med   f<0.5  f<1.0  f<1.5
  56 |  4.696  3.264  2.713  0.3929 0.4643 0.4821   0.334
 112 |  2.582  1.473  0.493  0.5000 0.7500 0.7679   0.411
 168 |  1.324  0.834  0.456  0.5357 0.7857 0.8571   0.483
 224 |  1.112  0.733  0.456  0.5357 0.8036 0.8929   0.474
 280 |  1.104  0.728  0.456  0.5357 0.8036 0.8929   0.500
 336 |  1.104  0.728  0.456  0.5357 0.8036 0.8929   0.500
 392 |  1.104  0.728  0.456  0.5357 0.8036 0.8929   0.500
 448 |  1.104  0.728  0.456  0.5357 0.8036 0.8929   0.500
 504 |  1.104  0.728  0.456  0.5357 0.8036 0.8929   0.500
 560 |  1.104  0.728  0.456  0.5357 0.8036 0.8929   0.500
 616 |  1.104  0.728  0.456  0.5357 0.8036 0.8929   0.500
 672 |  1.104  0.728  0.456  0.5357 0.8036 0.8929   0.500
 728 |  1.104  0.728  0.456  0.5357 0.8036 0.8929   0.500
 784 |  1.104  0.728  0.456  0.5357 0.8036 0.8929   0.500
 840 |  1.104  0.728  0.456  0.5357 0.8036 0.8929   0.500
 896 |  1.104  0.728  0.456  0.5357 0.8036 0.8929   0.500
 952 |  1.104  0.728  0.456  0.5357 0.8036 0.8929   0.500
1008 |  1.104  0.728  0.456  0.5357 0.8036 0.8929   0.500
1064 |  1.104  0.728  0.456  0.5357 0.8036 0.8929   0.500
1120 |  1.104  0.728  0.456  0.5357 0.8036 0.8929   0.500
1176 |  1.104  0.728  0.456  0.5357 0.8036 0.8929   0.500
1232 |  1.104  0.728  0.456  0.5357 0.8036 0.8929   0.500
1288 |  1.104  0.728  0.456  0.5357 0.8036 0.8929   0.500
1344 |  1.104  0.728  0.456  0.5357 0.8036 0.8929   0.500
1400 |  1.104  0.728  0.456  0.5357 0.8036 0.8929   0.500
1456 |  1.104  0.728  0.456  0.5357 0.8036 0.8929   0.500
1512 |  1.104  0.728  0.456  0.5357 0.8036 0.8929   0.500
1568 |  1.104  0.728  0.456  0.5357 0.8036 0.8929   0.500
1624 |  1.104  0.728  0.456  0.5357 0.8036 0.8929   0.500
1680 |  1.104  0.728  0.456  0.5357 0.8036 0.8929   0.500
1736 |  1.104  0.728  0.456  0.5357 0.8036 0.8929   0.500
1792 |  1.104  0.728  0.456  0.5357 0.8036 0.8929   0.500
1848 |  1.104  0.728  0.456  0.5357 0.8036 0.8929   0.500
1904 |  1.104  0.728  0.456  0.5357 0.8036 0.8929   0.500
1960 |  1.104  0.728  0.456  0.5357 0.8036 0.8929   0.500
2016 |  1.104  0.728  0.456  0.5357 0.8036 0.8929   0.500
2072 |  1.104  0.728  0.456  0.5357 0.8036 0.8929   0.500
2128 |  1.104  0.728  0.456  0.5357 0.8036 0.8929   0.500
2184 |  1.104  0.728  0.456  0.5357 0.8036 0.8929   0.500
2240 |  1.104  0.728  0.456  0.5357 0.8036 0.8929   0.500
2296 |  1.104  0.728  0.456  0.5357 0.8036 0.8929   0.500
2352 |  1.104  0.728  0.456  0.5357 0.8036 0.8929   0.500
2408 |  1.104  0.728  0.456  0.5357 0.8036 0.8929   0.500
2464 |  1.104  0.728  0.456  0.5357 0.8036 0.8929   0.500
2520 |  1.104  0.728  0.456  0.5357 0.8036 0.8929   0.500
2576 |  1.104  0.728  0.456  0.5357 0.8036 0.8929   0.500
2632 |  1.104  0.728  0.456  0.5357 0.8036 0.8929   0.500
2688 |  1.104  0.728  0.456  0.5357 0.8036 0.8929   0.500
2744 |  1.104  0.728  0.456  0.5357 0.8036 0.8929   0.500
 255 |  1.104  0.728  0.456  0.5357 0.8036 0.8929   0.500
#
