# Hydraprot_sorted/2vha_A.pdb
# Protein CA rmsd=  0.000
#  N |   RMSD    Ave    Med   f<0.5  f<1.0  f<1.5
  88 |  5.159  3.214  0.404  0.5455 0.6023 0.6250   0.319
 176 |  2.663  1.339  0.355  0.6818 0.7841 0.8068   0.363
 264 |  1.820  0.870  0.336  0.7159 0.8636 0.8864   0.358
 352 |  1.377  0.631  0.304  0.7500 0.9318 0.9432   0.356
 440 |  1.273  0.563  0.304  0.7614 0.9545 0.9659   0.361
 528 |  1.140  0.509  0.304  0.7727 0.9659 0.9773   0.363
 616 |  1.140  0.509  0.304  0.7727 0.9659 0.9773   0.363
 704 |  1.140  0.509  0.304  0.7727 0.9659 0.9773   0.363
 792 |  1.140  0.509  0.304  0.7727 0.9659 0.9773   0.363
 880 |  1.140  0.509  0.304  0.7727 0.9659 0.9773   0.363
 968 |  1.140  0.509  0.304  0.7727 0.9659 0.9773   0.363
1056 |  1.140  0.509  0.304  0.7727 0.9659 0.9773   0.363
1144 |  1.140  0.509  0.304  0.7727 0.9659 0.9773   0.363
1232 |  1.140  0.509  0.304  0.7727 0.9659 0.9773   0.363
1320 |  1.140  0.509  0.304  0.7727 0.9659 0.9773   0.363
1408 |  1.140  0.509  0.304  0.7727 0.9659 0.9773   0.363
1496 |  1.140  0.509  0.304  0.7727 0.9659 0.9773   0.363
1584 |  1.140  0.509  0.304  0.7727 0.9659 0.9773   0.363
1672 |  1.140  0.509  0.304  0.7727 0.9659 0.9773   0.363
1760 |  1.140  0.509  0.304  0.7727 0.9659 0.9773   0.363
1848 |  1.140  0.509  0.304  0.7727 0.9659 0.9773   0.363
1936 |  1.140  0.509  0.304  0.7727 0.9659 0.9773   0.363
2024 |  1.140  0.509  0.304  0.7727 0.9659 0.9773   0.363
2112 |  1.140  0.509  0.304  0.7727 0.9659 0.9773   0.363
2200 |  1.140  0.509  0.304  0.7727 0.9659 0.9773   0.363
2288 |  1.140  0.509  0.304  0.7727 0.9659 0.9773   0.363
2376 |  1.140  0.509  0.304  0.7727 0.9659 0.9773   0.363
2464 |  1.140  0.509  0.304  0.7727 0.9659 0.9773   0.363
2552 |  1.140  0.509  0.304  0.7727 0.9659 0.9773   0.363
2640 |  1.140  0.509  0.304  0.7727 0.9659 0.9773   0.363
2728 |  1.140  0.509  0.304  0.7727 0.9659 0.9773   0.363
2816 |  1.140  0.509  0.304  0.7727 0.9659 0.9773   0.363
2904 |  1.140  0.509  0.304  0.7727 0.9659 0.9773   0.363
2992 |  1.140  0.509  0.304  0.7727 0.9659 0.9773   0.363
3080 |  1.140  0.509  0.304  0.7727 0.9659 0.9773   0.363
3168 |  1.140  0.509  0.304  0.7727 0.9659 0.9773   0.363
3256 |  1.140  0.509  0.304  0.7727 0.9659 0.9773   0.363
3344 |  1.140  0.509  0.304  0.7727 0.9659 0.9773   0.363
3432 |  1.140  0.509  0.304  0.7727 0.9659 0.9773   0.363
3520 |  1.140  0.509  0.304  0.7727 0.9659 0.9773   0.363
3608 |  1.140  0.509  0.304  0.7727 0.9659 0.9773   0.363
3696 |  1.140  0.509  0.304  0.7727 0.9659 0.9773   0.363
3784 |  1.140  0.509  0.304  0.7727 0.9659 0.9773   0.363
3872 |  1.140  0.509  0.304  0.7727 0.9659 0.9773   0.363
3960 |  1.140  0.509  0.304  0.7727 0.9659 0.9773   0.363
4048 |  1.140  0.509  0.304  0.7727 0.9659 0.9773   0.363
4136 |  1.140  0.509  0.304  0.7727 0.9659 0.9773   0.363
4224 |  1.140  0.509  0.304  0.7727 0.9659 0.9773   0.363
4312 |  1.140  0.509  0.304  0.7727 0.9659 0.9773   0.363
 550 |  1.140  0.509  0.304  0.7727 0.9659 0.9773   0.363
#
