# Hydraprot_sorted/2vxn_A.pdb
# Protein CA rmsd=  0.000
#  N |   RMSD    Ave    Med   f<0.5  f<1.0  f<1.5
  94 |  5.777  3.917  0.644  0.5000 0.5213 0.5213   0.240
 188 |  2.822  1.664  0.318  0.6064 0.6702 0.6915   0.335
 282 |  1.840  1.009  0.312  0.6277 0.7660 0.8085   0.403
 376 |  1.410  0.801  0.312  0.6596 0.7979 0.8404   0.403
 470 |  1.128  0.681  0.312  0.6596 0.8191 0.8723   0.425
 564 |  1.097  0.664  0.312  0.6596 0.8191 0.8830   0.436
 658 |  1.097  0.664  0.312  0.6596 0.8191 0.8830   0.436
 752 |  1.097  0.664  0.312  0.6596 0.8191 0.8830   0.436
 846 |  1.097  0.664  0.312  0.6596 0.8191 0.8830   0.436
 940 |  1.097  0.664  0.312  0.6596 0.8191 0.8830   0.436
1034 |  1.097  0.664  0.312  0.6596 0.8191 0.8830   0.436
1128 |  1.097  0.664  0.312  0.6596 0.8191 0.8830   0.436
1222 |  1.097  0.664  0.312  0.6596 0.8191 0.8830   0.436
1316 |  1.097  0.664  0.312  0.6596 0.8191 0.8830   0.436
1410 |  1.097  0.664  0.312  0.6596 0.8191 0.8830   0.436
1504 |  1.097  0.664  0.312  0.6596 0.8191 0.8830   0.436
1598 |  1.097  0.664  0.312  0.6596 0.8191 0.8830   0.436
1692 |  1.097  0.664  0.312  0.6596 0.8191 0.8830   0.436
1786 |  1.097  0.664  0.312  0.6596 0.8191 0.8830   0.436
1880 |  1.097  0.664  0.312  0.6596 0.8191 0.8830   0.436
1974 |  1.097  0.664  0.312  0.6596 0.8191 0.8830   0.436
2068 |  1.097  0.664  0.312  0.6596 0.8191 0.8830   0.436
2162 |  1.097  0.664  0.312  0.6596 0.8191 0.8830   0.436
2256 |  1.097  0.664  0.312  0.6596 0.8191 0.8830   0.436
2350 |  1.097  0.664  0.312  0.6596 0.8191 0.8830   0.436
2444 |  1.097  0.664  0.312  0.6596 0.8191 0.8830   0.436
2538 |  1.097  0.664  0.312  0.6596 0.8191 0.8830   0.436
2632 |  1.097  0.664  0.312  0.6596 0.8191 0.8830   0.436
2726 |  1.097  0.664  0.312  0.6596 0.8191 0.8830   0.436
2820 |  1.097  0.664  0.312  0.6596 0.8191 0.8830   0.436
2914 |  1.097  0.664  0.312  0.6596 0.8191 0.8830   0.436
3008 |  1.097  0.664  0.312  0.6596 0.8191 0.8830   0.436
3102 |  1.097  0.664  0.312  0.6596 0.8191 0.8830   0.436
3196 |  1.097  0.664  0.312  0.6596 0.8191 0.8830   0.436
3290 |  1.097  0.664  0.312  0.6596 0.8191 0.8830   0.436
3384 |  1.097  0.664  0.312  0.6596 0.8191 0.8830   0.436
3478 |  1.097  0.664  0.312  0.6596 0.8191 0.8830   0.436
3572 |  1.097  0.664  0.312  0.6596 0.8191 0.8830   0.436
3666 |  1.097  0.664  0.312  0.6596 0.8191 0.8830   0.436
3760 |  1.097  0.664  0.312  0.6596 0.8191 0.8830   0.436
3854 |  1.097  0.664  0.312  0.6596 0.8191 0.8830   0.436
3948 |  1.097  0.664  0.312  0.6596 0.8191 0.8830   0.436
4042 |  1.097  0.664  0.312  0.6596 0.8191 0.8830   0.436
4136 |  1.097  0.664  0.312  0.6596 0.8191 0.8830   0.436
4230 |  1.097  0.664  0.312  0.6596 0.8191 0.8830   0.436
4324 |  1.097  0.664  0.312  0.6596 0.8191 0.8830   0.436
4418 |  1.097  0.664  0.312  0.6596 0.8191 0.8830   0.436
4512 |  1.097  0.664  0.312  0.6596 0.8191 0.8830   0.436
4606 |  1.097  0.664  0.312  0.6596 0.8191 0.8830   0.436
 477 |  1.097  0.664  0.312  0.6596 0.8191 0.8830   0.436
#
