# Hydraprot_sorted/2xod_A.pdb
# Protein CA rmsd=  0.000
#  N |   RMSD    Ave    Med   f<0.5  f<1.0  f<1.5
  29 |  6.310  4.997  5.186  0.2414 0.2759 0.3103   0.651
  58 |  3.690  2.483  1.134  0.3793 0.4483 0.5862   0.673
  87 |  3.239  2.108  1.091  0.4138 0.4828 0.6207   0.656
 116 |  2.478  1.624  0.987  0.4138 0.5172 0.6552   0.698
 145 |  2.210  1.431  0.874  0.4483 0.5517 0.6897   0.688
 174 |  1.706  1.112  0.520  0.4828 0.6207 0.7586   0.677
 203 |  1.597  1.021  0.520  0.4828 0.6552 0.7931   0.675
 232 |  0.937  0.732  0.488  0.5172 0.7241 0.8621   0.676
 261 |  0.841  0.669  0.485  0.5517 0.7586 0.8966   0.669
 290 |  0.841  0.669  0.485  0.5517 0.7586 0.8966   0.669
 319 |  0.841  0.669  0.485  0.5517 0.7586 0.8966   0.669
 348 |  0.841  0.669  0.485  0.5517 0.7586 0.8966   0.669
 377 |  0.841  0.669  0.485  0.5517 0.7586 0.8966   0.669
 406 |  0.841  0.669  0.485  0.5517 0.7586 0.8966   0.669
 435 |  0.841  0.669  0.485  0.5517 0.7586 0.8966   0.669
 464 |  0.841  0.669  0.485  0.5517 0.7586 0.8966   0.669
 493 |  0.841  0.669  0.485  0.5517 0.7586 0.8966   0.669
 522 |  0.841  0.669  0.485  0.5517 0.7586 0.8966   0.669
 551 |  0.841  0.669  0.485  0.5517 0.7586 0.8966   0.669
 580 |  0.841  0.669  0.485  0.5517 0.7586 0.8966   0.669
 609 |  0.841  0.669  0.485  0.5517 0.7586 0.8966   0.669
 638 |  0.841  0.669  0.485  0.5517 0.7586 0.8966   0.669
 667 |  0.841  0.669  0.485  0.5517 0.7586 0.8966   0.669
 696 |  0.841  0.669  0.485  0.5517 0.7586 0.8966   0.669
 725 |  0.841  0.669  0.485  0.5517 0.7586 0.8966   0.669
 754 |  0.841  0.669  0.485  0.5517 0.7586 0.8966   0.669
 783 |  0.841  0.669  0.485  0.5517 0.7586 0.8966   0.669
 812 |  0.841  0.669  0.485  0.5517 0.7586 0.8966   0.669
 841 |  0.841  0.669  0.485  0.5517 0.7586 0.8966   0.669
 870 |  0.841  0.669  0.485  0.5517 0.7586 0.8966   0.669
 899 |  0.841  0.669  0.485  0.5517 0.7586 0.8966   0.669
 928 |  0.841  0.669  0.485  0.5517 0.7586 0.8966   0.669
 957 |  0.841  0.669  0.485  0.5517 0.7586 0.8966   0.669
 986 |  0.841  0.669  0.485  0.5517 0.7586 0.8966   0.669
1015 |  0.841  0.669  0.485  0.5517 0.7586 0.8966   0.669
1044 |  0.841  0.669  0.485  0.5517 0.7586 0.8966   0.669
1073 |  0.841  0.669  0.485  0.5517 0.7586 0.8966   0.669
1102 |  0.841  0.669  0.485  0.5517 0.7586 0.8966   0.669
1131 |  0.841  0.669  0.485  0.5517 0.7586 0.8966   0.669
1160 |  0.841  0.669  0.485  0.5517 0.7586 0.8966   0.669
1189 |  0.841  0.669  0.485  0.5517 0.7586 0.8966   0.669
1218 |  0.841  0.669  0.485  0.5517 0.7586 0.8966   0.669
1247 |  0.841  0.669  0.485  0.5517 0.7586 0.8966   0.669
1276 |  0.841  0.669  0.485  0.5517 0.7586 0.8966   0.669
1305 |  0.841  0.669  0.485  0.5517 0.7586 0.8966   0.669
1334 |  0.841  0.669  0.485  0.5517 0.7586 0.8966   0.669
1363 |  0.841  0.669  0.485  0.5517 0.7586 0.8966   0.669
1392 |  0.841  0.669  0.485  0.5517 0.7586 0.8966   0.669
1421 |  0.841  0.669  0.485  0.5517 0.7586 0.8966   0.669
 241 |  0.841  0.669  0.485  0.5517 0.7586 0.8966   0.669
#
