# Hydraprot_sorted/2xom_A.pdb
# Protein CA rmsd=  0.000
#  N |   RMSD    Ave    Med   f<0.5  f<1.0  f<1.5
  59 |  5.446  3.744  0.895  0.3729 0.5085 0.5254   0.388
 118 |  2.942  1.716  0.467  0.5085 0.6780 0.7119   0.434
 177 |  1.568  0.891  0.341  0.5932 0.8136 0.8475   0.454
 236 |  1.178  0.699  0.338  0.6271 0.8475 0.8814   0.471
 295 |  1.082  0.660  0.338  0.6271 0.8475 0.8814   0.494
 354 |  1.082  0.660  0.338  0.6271 0.8475 0.8814   0.494
 413 |  1.082  0.660  0.338  0.6271 0.8475 0.8814   0.494
 472 |  1.082  0.660  0.338  0.6271 0.8475 0.8814   0.494
 531 |  1.082  0.660  0.338  0.6271 0.8475 0.8814   0.494
 590 |  1.082  0.660  0.338  0.6271 0.8475 0.8814   0.494
 649 |  1.082  0.660  0.338  0.6271 0.8475 0.8814   0.494
 708 |  1.082  0.660  0.338  0.6271 0.8475 0.8814   0.494
 767 |  1.082  0.660  0.338  0.6271 0.8475 0.8814   0.494
 826 |  1.082  0.660  0.338  0.6271 0.8475 0.8814   0.494
 885 |  1.082  0.660  0.338  0.6271 0.8475 0.8814   0.494
 944 |  1.082  0.660  0.338  0.6271 0.8475 0.8814   0.494
1003 |  1.082  0.660  0.338  0.6271 0.8475 0.8814   0.494
1062 |  1.082  0.660  0.338  0.6271 0.8475 0.8814   0.494
1121 |  1.082  0.660  0.338  0.6271 0.8475 0.8814   0.494
1180 |  1.082  0.660  0.338  0.6271 0.8475 0.8814   0.494
1239 |  1.082  0.660  0.338  0.6271 0.8475 0.8814   0.494
1298 |  1.082  0.660  0.338  0.6271 0.8475 0.8814   0.494
1357 |  1.082  0.660  0.338  0.6271 0.8475 0.8814   0.494
1416 |  1.082  0.660  0.338  0.6271 0.8475 0.8814   0.494
1475 |  1.082  0.660  0.338  0.6271 0.8475 0.8814   0.494
1534 |  1.082  0.660  0.338  0.6271 0.8475 0.8814   0.494
1593 |  1.082  0.660  0.338  0.6271 0.8475 0.8814   0.494
1652 |  1.082  0.660  0.338  0.6271 0.8475 0.8814   0.494
1711 |  1.082  0.660  0.338  0.6271 0.8475 0.8814   0.494
1770 |  1.082  0.660  0.338  0.6271 0.8475 0.8814   0.494
1829 |  1.082  0.660  0.338  0.6271 0.8475 0.8814   0.494
1888 |  1.082  0.660  0.338  0.6271 0.8475 0.8814   0.494
1947 |  1.082  0.660  0.338  0.6271 0.8475 0.8814   0.494
2006 |  1.082  0.660  0.338  0.6271 0.8475 0.8814   0.494
2065 |  1.082  0.660  0.338  0.6271 0.8475 0.8814   0.494
2124 |  1.082  0.660  0.338  0.6271 0.8475 0.8814   0.494
2183 |  1.082  0.660  0.338  0.6271 0.8475 0.8814   0.494
2242 |  1.082  0.660  0.338  0.6271 0.8475 0.8814   0.494
2301 |  1.082  0.660  0.338  0.6271 0.8475 0.8814   0.494
2360 |  1.082  0.660  0.338  0.6271 0.8475 0.8814   0.494
2419 |  1.082  0.660  0.338  0.6271 0.8475 0.8814   0.494
2478 |  1.082  0.660  0.338  0.6271 0.8475 0.8814   0.494
2537 |  1.082  0.660  0.338  0.6271 0.8475 0.8814   0.494
2596 |  1.082  0.660  0.338  0.6271 0.8475 0.8814   0.494
2655 |  1.082  0.660  0.338  0.6271 0.8475 0.8814   0.494
2714 |  1.082  0.660  0.338  0.6271 0.8475 0.8814   0.494
2773 |  1.082  0.660  0.338  0.6271 0.8475 0.8814   0.494
2832 |  1.082  0.660  0.338  0.6271 0.8475 0.8814   0.494
2891 |  1.082  0.660  0.338  0.6271 0.8475 0.8814   0.494
 306 |  1.082  0.660  0.338  0.6271 0.8475 0.8814   0.494
#
