# Hydraprot_sorted/2xu3_A.pdb
# Protein CA rmsd=  0.000
#  N |   RMSD    Ave    Med   f<0.5  f<1.0  f<1.5
 102 |  4.867  3.188  0.648  0.4608 0.5392 0.5392   0.376
 204 |  2.259  1.332  0.434  0.5294 0.6863 0.7255   0.471
 306 |  1.318  0.799  0.377  0.5784 0.7941 0.8529   0.458
 408 |  1.094  0.683  0.377  0.5784 0.8235 0.8922   0.486
 510 |  0.937  0.632  0.377  0.5784 0.8235 0.8922   0.497
 612 |  0.937  0.632  0.377  0.5784 0.8235 0.8922   0.497
 714 |  0.937  0.632  0.377  0.5784 0.8235 0.8922   0.497
 816 |  0.937  0.632  0.377  0.5784 0.8235 0.8922   0.497
 918 |  0.937  0.632  0.377  0.5784 0.8235 0.8922   0.497
1020 |  0.937  0.632  0.377  0.5784 0.8235 0.8922   0.497
1122 |  0.937  0.632  0.377  0.5784 0.8235 0.8922   0.497
1224 |  0.937  0.632  0.377  0.5784 0.8235 0.8922   0.497
1326 |  0.937  0.632  0.377  0.5784 0.8235 0.8922   0.497
1428 |  0.937  0.632  0.377  0.5784 0.8235 0.8922   0.497
1530 |  0.937  0.632  0.377  0.5784 0.8235 0.8922   0.497
1632 |  0.937  0.632  0.377  0.5784 0.8235 0.8922   0.497
1734 |  0.937  0.632  0.377  0.5784 0.8235 0.8922   0.497
1836 |  0.937  0.632  0.377  0.5784 0.8235 0.8922   0.497
1938 |  0.937  0.632  0.377  0.5784 0.8235 0.8922   0.497
2040 |  0.937  0.632  0.377  0.5784 0.8235 0.8922   0.497
2142 |  0.937  0.632  0.377  0.5784 0.8235 0.8922   0.497
2244 |  0.937  0.632  0.377  0.5784 0.8235 0.8922   0.497
2346 |  0.937  0.632  0.377  0.5784 0.8235 0.8922   0.497
2448 |  0.937  0.632  0.377  0.5784 0.8235 0.8922   0.497
2550 |  0.937  0.632  0.377  0.5784 0.8235 0.8922   0.497
2652 |  0.937  0.632  0.377  0.5784 0.8235 0.8922   0.497
2754 |  0.937  0.632  0.377  0.5784 0.8235 0.8922   0.497
2856 |  0.937  0.632  0.377  0.5784 0.8235 0.8922   0.497
2958 |  0.937  0.632  0.377  0.5784 0.8235 0.8922   0.497
3060 |  0.937  0.632  0.377  0.5784 0.8235 0.8922   0.497
3162 |  0.937  0.632  0.377  0.5784 0.8235 0.8922   0.497
3264 |  0.937  0.632  0.377  0.5784 0.8235 0.8922   0.497
3366 |  0.937  0.632  0.377  0.5784 0.8235 0.8922   0.497
3468 |  0.937  0.632  0.377  0.5784 0.8235 0.8922   0.497
3570 |  0.937  0.632  0.377  0.5784 0.8235 0.8922   0.497
3672 |  0.937  0.632  0.377  0.5784 0.8235 0.8922   0.497
3774 |  0.937  0.632  0.377  0.5784 0.8235 0.8922   0.497
3876 |  0.937  0.632  0.377  0.5784 0.8235 0.8922   0.497
3978 |  0.937  0.632  0.377  0.5784 0.8235 0.8922   0.497
4080 |  0.937  0.632  0.377  0.5784 0.8235 0.8922   0.497
4182 |  0.937  0.632  0.377  0.5784 0.8235 0.8922   0.497
4284 |  0.937  0.632  0.377  0.5784 0.8235 0.8922   0.497
4386 |  0.937  0.632  0.377  0.5784 0.8235 0.8922   0.497
4488 |  0.937  0.632  0.377  0.5784 0.8235 0.8922   0.497
4590 |  0.937  0.632  0.377  0.5784 0.8235 0.8922   0.497
4692 |  0.937  0.632  0.377  0.5784 0.8235 0.8922   0.497
4794 |  0.937  0.632  0.377  0.5784 0.8235 0.8922   0.497
4896 |  0.937  0.632  0.377  0.5784 0.8235 0.8922   0.497
4998 |  0.937  0.632  0.377  0.5784 0.8235 0.8922   0.497
 443 |  0.937  0.632  0.377  0.5784 0.8235 0.8922   0.497
#
