# Hydraprot_sorted/2y78_A.pdb
# Protein CA rmsd=  0.000
#  N |   RMSD    Ave    Med   f<0.5  f<1.0  f<1.5
  57 |  5.367  3.640  1.068  0.4561 0.4737 0.5263   0.379
 114 |  2.588  1.560  0.398  0.5789 0.6316 0.7193   0.428
 171 |  1.509  0.885  0.375  0.6316 0.7193 0.8596   0.480
 228 |  0.898  0.638  0.375  0.6316 0.7368 0.9123   0.557
 285 |  0.898  0.638  0.375  0.6316 0.7368 0.9123   0.557
 342 |  0.898  0.638  0.375  0.6316 0.7368 0.9123   0.557
 399 |  0.898  0.638  0.375  0.6316 0.7368 0.9123   0.557
 456 |  0.898  0.638  0.375  0.6316 0.7368 0.9123   0.557
 513 |  0.898  0.638  0.375  0.6316 0.7368 0.9123   0.557
 570 |  0.898  0.638  0.375  0.6316 0.7368 0.9123   0.557
 627 |  0.898  0.638  0.375  0.6316 0.7368 0.9123   0.557
 684 |  0.898  0.638  0.375  0.6316 0.7368 0.9123   0.557
 741 |  0.898  0.638  0.375  0.6316 0.7368 0.9123   0.557
 798 |  0.898  0.638  0.375  0.6316 0.7368 0.9123   0.557
 855 |  0.898  0.638  0.375  0.6316 0.7368 0.9123   0.557
 912 |  0.898  0.638  0.375  0.6316 0.7368 0.9123   0.557
 969 |  0.898  0.638  0.375  0.6316 0.7368 0.9123   0.557
1026 |  0.898  0.638  0.375  0.6316 0.7368 0.9123   0.557
1083 |  0.898  0.638  0.375  0.6316 0.7368 0.9123   0.557
1140 |  0.898  0.638  0.375  0.6316 0.7368 0.9123   0.557
1197 |  0.898  0.638  0.375  0.6316 0.7368 0.9123   0.557
1254 |  0.898  0.638  0.375  0.6316 0.7368 0.9123   0.557
1311 |  0.898  0.638  0.375  0.6316 0.7368 0.9123   0.557
1368 |  0.898  0.638  0.375  0.6316 0.7368 0.9123   0.557
1425 |  0.898  0.638  0.375  0.6316 0.7368 0.9123   0.557
1482 |  0.898  0.638  0.375  0.6316 0.7368 0.9123   0.557
1539 |  0.898  0.638  0.375  0.6316 0.7368 0.9123   0.557
1596 |  0.898  0.638  0.375  0.6316 0.7368 0.9123   0.557
1653 |  0.898  0.638  0.375  0.6316 0.7368 0.9123   0.557
1710 |  0.898  0.638  0.375  0.6316 0.7368 0.9123   0.557
1767 |  0.898  0.638  0.375  0.6316 0.7368 0.9123   0.557
1824 |  0.898  0.638  0.375  0.6316 0.7368 0.9123   0.557
1881 |  0.898  0.638  0.375  0.6316 0.7368 0.9123   0.557
1938 |  0.898  0.638  0.375  0.6316 0.7368 0.9123   0.557
1995 |  0.898  0.638  0.375  0.6316 0.7368 0.9123   0.557
2052 |  0.898  0.638  0.375  0.6316 0.7368 0.9123   0.557
2109 |  0.898  0.638  0.375  0.6316 0.7368 0.9123   0.557
2166 |  0.898  0.638  0.375  0.6316 0.7368 0.9123   0.557
2223 |  0.898  0.638  0.375  0.6316 0.7368 0.9123   0.557
2280 |  0.898  0.638  0.375  0.6316 0.7368 0.9123   0.557
2337 |  0.898  0.638  0.375  0.6316 0.7368 0.9123   0.557
2394 |  0.898  0.638  0.375  0.6316 0.7368 0.9123   0.557
2451 |  0.898  0.638  0.375  0.6316 0.7368 0.9123   0.557
2508 |  0.898  0.638  0.375  0.6316 0.7368 0.9123   0.557
2565 |  0.898  0.638  0.375  0.6316 0.7368 0.9123   0.557
2622 |  0.898  0.638  0.375  0.6316 0.7368 0.9123   0.557
2679 |  0.898  0.638  0.375  0.6316 0.7368 0.9123   0.557
2736 |  0.898  0.638  0.375  0.6316 0.7368 0.9123   0.557
2793 |  0.898  0.638  0.375  0.6316 0.7368 0.9123   0.557
 258 |  0.898  0.638  0.375  0.6316 0.7368 0.9123   0.557
#
