# Hydraprot_sorted/3agn_A.pdb
# Protein CA rmsd=  0.000
#  N |   RMSD    Ave    Med   f<0.5  f<1.0  f<1.5
  47 |  5.435  3.822  1.415  0.4468 0.4681 0.5106   0.313
  94 |  3.325  2.058  0.404  0.5319 0.5745 0.6383   0.401
 141 |  1.587  0.929  0.308  0.6170 0.7234 0.8298   0.492
 188 |  1.278  0.783  0.306  0.6383 0.7447 0.8511   0.484
 235 |  1.030  0.648  0.306  0.6596 0.7872 0.8936   0.489
 282 |  1.030  0.648  0.306  0.6596 0.7872 0.8936   0.489
 329 |  1.030  0.648  0.306  0.6596 0.7872 0.8936   0.489
 376 |  1.030  0.648  0.306  0.6596 0.7872 0.8936   0.489
 423 |  1.030  0.648  0.306  0.6596 0.7872 0.8936   0.489
 470 |  1.030  0.648  0.306  0.6596 0.7872 0.8936   0.489
 517 |  1.030  0.648  0.306  0.6596 0.7872 0.8936   0.489
 564 |  1.030  0.648  0.306  0.6596 0.7872 0.8936   0.489
 611 |  1.030  0.648  0.306  0.6596 0.7872 0.8936   0.489
 658 |  1.030  0.648  0.306  0.6596 0.7872 0.8936   0.489
 705 |  1.030  0.648  0.306  0.6596 0.7872 0.8936   0.489
 752 |  1.030  0.648  0.306  0.6596 0.7872 0.8936   0.489
 799 |  1.030  0.648  0.306  0.6596 0.7872 0.8936   0.489
 846 |  1.030  0.648  0.306  0.6596 0.7872 0.8936   0.489
 893 |  1.030  0.648  0.306  0.6596 0.7872 0.8936   0.489
 940 |  1.030  0.648  0.306  0.6596 0.7872 0.8936   0.489
 987 |  1.030  0.648  0.306  0.6596 0.7872 0.8936   0.489
1034 |  1.030  0.648  0.306  0.6596 0.7872 0.8936   0.489
1081 |  1.030  0.648  0.306  0.6596 0.7872 0.8936   0.489
1128 |  1.030  0.648  0.306  0.6596 0.7872 0.8936   0.489
1175 |  1.030  0.648  0.306  0.6596 0.7872 0.8936   0.489
1222 |  1.030  0.648  0.306  0.6596 0.7872 0.8936   0.489
1269 |  1.030  0.648  0.306  0.6596 0.7872 0.8936   0.489
1316 |  1.030  0.648  0.306  0.6596 0.7872 0.8936   0.489
1363 |  1.030  0.648  0.306  0.6596 0.7872 0.8936   0.489
1410 |  1.030  0.648  0.306  0.6596 0.7872 0.8936   0.489
1457 |  1.030  0.648  0.306  0.6596 0.7872 0.8936   0.489
1504 |  1.030  0.648  0.306  0.6596 0.7872 0.8936   0.489
1551 |  1.030  0.648  0.306  0.6596 0.7872 0.8936   0.489
1598 |  1.030  0.648  0.306  0.6596 0.7872 0.8936   0.489
1645 |  1.030  0.648  0.306  0.6596 0.7872 0.8936   0.489
1692 |  1.030  0.648  0.306  0.6596 0.7872 0.8936   0.489
1739 |  1.030  0.648  0.306  0.6596 0.7872 0.8936   0.489
1786 |  1.030  0.648  0.306  0.6596 0.7872 0.8936   0.489
1833 |  1.030  0.648  0.306  0.6596 0.7872 0.8936   0.489
1880 |  1.030  0.648  0.306  0.6596 0.7872 0.8936   0.489
1927 |  1.030  0.648  0.306  0.6596 0.7872 0.8936   0.489
1974 |  1.030  0.648  0.306  0.6596 0.7872 0.8936   0.489
2021 |  1.030  0.648  0.306  0.6596 0.7872 0.8936   0.489
2068 |  1.030  0.648  0.306  0.6596 0.7872 0.8936   0.489
2115 |  1.030  0.648  0.306  0.6596 0.7872 0.8936   0.489
2162 |  1.030  0.648  0.306  0.6596 0.7872 0.8936   0.489
2209 |  1.030  0.648  0.306  0.6596 0.7872 0.8936   0.489
2256 |  1.030  0.648  0.306  0.6596 0.7872 0.8936   0.489
2303 |  1.030  0.648  0.306  0.6596 0.7872 0.8936   0.489
 244 |  1.030  0.648  0.306  0.6596 0.7872 0.8936   0.489
#
