# Hydraprot_sorted/3aks_A.pdb
# Protein CA rmsd=  0.000
#  N |   RMSD    Ave    Med   f<0.5  f<1.0  f<1.5
  86 |  5.605  4.056  3.336  0.3372 0.4186 0.4535   0.414
 172 |  2.714  1.754  0.673  0.4302 0.6047 0.6395   0.528
 258 |  1.605  1.016  0.501  0.5000 0.7326 0.8023   0.582
 344 |  1.269  0.811  0.499  0.5116 0.7907 0.8605   0.586
 430 |  1.230  0.795  0.499  0.5116 0.7907 0.8605   0.602
 516 |  1.230  0.795  0.499  0.5116 0.7907 0.8605   0.602
 602 |  1.230  0.795  0.499  0.5116 0.7907 0.8605   0.602
 688 |  1.230  0.795  0.499  0.5116 0.7907 0.8605   0.602
 774 |  1.230  0.795  0.499  0.5116 0.7907 0.8605   0.602
 860 |  1.230  0.795  0.499  0.5116 0.7907 0.8605   0.602
 946 |  1.230  0.795  0.499  0.5116 0.7907 0.8605   0.602
1032 |  1.230  0.795  0.499  0.5116 0.7907 0.8605   0.602
1118 |  1.230  0.795  0.499  0.5116 0.7907 0.8605   0.602
1204 |  1.230  0.795  0.499  0.5116 0.7907 0.8605   0.602
1290 |  1.230  0.795  0.499  0.5116 0.7907 0.8605   0.602
1376 |  1.230  0.795  0.499  0.5116 0.7907 0.8605   0.602
1462 |  1.230  0.795  0.499  0.5116 0.7907 0.8605   0.602
1548 |  1.230  0.795  0.499  0.5116 0.7907 0.8605   0.602
1634 |  1.230  0.795  0.499  0.5116 0.7907 0.8605   0.602
1720 |  1.230  0.795  0.499  0.5116 0.7907 0.8605   0.602
1806 |  1.230  0.795  0.499  0.5116 0.7907 0.8605   0.602
1892 |  1.230  0.795  0.499  0.5116 0.7907 0.8605   0.602
1978 |  1.230  0.795  0.499  0.5116 0.7907 0.8605   0.602
2064 |  1.230  0.795  0.499  0.5116 0.7907 0.8605   0.602
2150 |  1.230  0.795  0.499  0.5116 0.7907 0.8605   0.602
2236 |  1.230  0.795  0.499  0.5116 0.7907 0.8605   0.602
2322 |  1.230  0.795  0.499  0.5116 0.7907 0.8605   0.602
2408 |  1.230  0.795  0.499  0.5116 0.7907 0.8605   0.602
2494 |  1.230  0.795  0.499  0.5116 0.7907 0.8605   0.602
2580 |  1.230  0.795  0.499  0.5116 0.7907 0.8605   0.602
2666 |  1.230  0.795  0.499  0.5116 0.7907 0.8605   0.602
2752 |  1.230  0.795  0.499  0.5116 0.7907 0.8605   0.602
2838 |  1.230  0.795  0.499  0.5116 0.7907 0.8605   0.602
2924 |  1.230  0.795  0.499  0.5116 0.7907 0.8605   0.602
3010 |  1.230  0.795  0.499  0.5116 0.7907 0.8605   0.602
3096 |  1.230  0.795  0.499  0.5116 0.7907 0.8605   0.602
3182 |  1.230  0.795  0.499  0.5116 0.7907 0.8605   0.602
3268 |  1.230  0.795  0.499  0.5116 0.7907 0.8605   0.602
3354 |  1.230  0.795  0.499  0.5116 0.7907 0.8605   0.602
3440 |  1.230  0.795  0.499  0.5116 0.7907 0.8605   0.602
3526 |  1.230  0.795  0.499  0.5116 0.7907 0.8605   0.602
3612 |  1.230  0.795  0.499  0.5116 0.7907 0.8605   0.602
3698 |  1.230  0.795  0.499  0.5116 0.7907 0.8605   0.602
3784 |  1.230  0.795  0.499  0.5116 0.7907 0.8605   0.602
3870 |  1.230  0.795  0.499  0.5116 0.7907 0.8605   0.602
3956 |  1.230  0.795  0.499  0.5116 0.7907 0.8605   0.602
4042 |  1.230  0.795  0.499  0.5116 0.7907 0.8605   0.602
4128 |  1.230  0.795  0.499  0.5116 0.7907 0.8605   0.602
4214 |  1.230  0.795  0.499  0.5116 0.7907 0.8605   0.602
 364 |  1.230  0.795  0.499  0.5116 0.7907 0.8605   0.602
#
