# Hydraprot_sorted/3bwh_A.pdb
# Protein CA rmsd=  0.000
#  N |   RMSD    Ave    Med   f<0.5  f<1.0  f<1.5
  74 |  5.276  3.547  0.926  0.4730 0.5000 0.5135   0.284
 148 |  2.136  1.171  0.302  0.6622 0.7432 0.7703   0.362
 222 |  1.663  0.832  0.298  0.7027 0.8243 0.8514   0.401
 296 |  1.154  0.653  0.298  0.7162 0.8514 0.8784   0.384
 370 |  0.832  0.521  0.298  0.7432 0.8784 0.9189   0.394
 444 |  0.708  0.459  0.298  0.7432 0.9189 0.9730   0.389
 518 |  0.589  0.433  0.298  0.7432 0.9189 0.9730   0.411
 592 |  0.589  0.433  0.298  0.7432 0.9189 0.9730   0.411
 666 |  0.589  0.433  0.298  0.7432 0.9189 0.9730   0.411
 740 |  0.589  0.433  0.298  0.7432 0.9189 0.9730   0.411
 814 |  0.589  0.433  0.298  0.7432 0.9189 0.9730   0.411
 888 |  0.589  0.433  0.298  0.7432 0.9189 0.9730   0.411
 962 |  0.589  0.433  0.298  0.7432 0.9189 0.9730   0.411
1036 |  0.589  0.433  0.298  0.7432 0.9189 0.9730   0.411
1110 |  0.589  0.433  0.298  0.7432 0.9189 0.9730   0.411
1184 |  0.589  0.433  0.298  0.7432 0.9189 0.9730   0.411
1258 |  0.589  0.433  0.298  0.7432 0.9189 0.9730   0.411
1332 |  0.589  0.433  0.298  0.7432 0.9189 0.9730   0.411
1406 |  0.589  0.433  0.298  0.7432 0.9189 0.9730   0.411
1480 |  0.589  0.433  0.298  0.7432 0.9189 0.9730   0.411
1554 |  0.589  0.433  0.298  0.7432 0.9189 0.9730   0.411
1628 |  0.589  0.433  0.298  0.7432 0.9189 0.9730   0.411
1702 |  0.589  0.433  0.298  0.7432 0.9189 0.9730   0.411
1776 |  0.589  0.433  0.298  0.7432 0.9189 0.9730   0.411
1850 |  0.589  0.433  0.298  0.7432 0.9189 0.9730   0.411
1924 |  0.589  0.433  0.298  0.7432 0.9189 0.9730   0.411
1998 |  0.589  0.433  0.298  0.7432 0.9189 0.9730   0.411
2072 |  0.589  0.433  0.298  0.7432 0.9189 0.9730   0.411
2146 |  0.589  0.433  0.298  0.7432 0.9189 0.9730   0.411
2220 |  0.589  0.433  0.298  0.7432 0.9189 0.9730   0.411
2294 |  0.589  0.433  0.298  0.7432 0.9189 0.9730   0.411
2368 |  0.589  0.433  0.298  0.7432 0.9189 0.9730   0.411
2442 |  0.589  0.433  0.298  0.7432 0.9189 0.9730   0.411
2516 |  0.589  0.433  0.298  0.7432 0.9189 0.9730   0.411
2590 |  0.589  0.433  0.298  0.7432 0.9189 0.9730   0.411
2664 |  0.589  0.433  0.298  0.7432 0.9189 0.9730   0.411
2738 |  0.589  0.433  0.298  0.7432 0.9189 0.9730   0.411
2812 |  0.589  0.433  0.298  0.7432 0.9189 0.9730   0.411
2886 |  0.589  0.433  0.298  0.7432 0.9189 0.9730   0.411
2960 |  0.589  0.433  0.298  0.7432 0.9189 0.9730   0.411
3034 |  0.589  0.433  0.298  0.7432 0.9189 0.9730   0.411
3108 |  0.589  0.433  0.298  0.7432 0.9189 0.9730   0.411
3182 |  0.589  0.433  0.298  0.7432 0.9189 0.9730   0.411
3256 |  0.589  0.433  0.298  0.7432 0.9189 0.9730   0.411
3330 |  0.589  0.433  0.298  0.7432 0.9189 0.9730   0.411
3404 |  0.589  0.433  0.298  0.7432 0.9189 0.9730   0.411
3478 |  0.589  0.433  0.298  0.7432 0.9189 0.9730   0.411
3552 |  0.589  0.433  0.298  0.7432 0.9189 0.9730   0.411
3626 |  0.589  0.433  0.298  0.7432 0.9189 0.9730   0.411
 482 |  0.589  0.433  0.298  0.7432 0.9189 0.9730   0.411
#
