# Hydraprot_sorted/3d1p_A.pdb
# Protein CA rmsd=  0.000
#  N |   RMSD    Ave    Med   f<0.5  f<1.0  f<1.5
  58 |  5.155  3.417  0.497  0.5000 0.5517 0.5517   0.310
 116 |  2.710  1.580  0.444  0.5862 0.7069 0.7241   0.381
 174 |  1.762  1.068  0.435  0.6034 0.7586 0.8103   0.429
 232 |  1.134  0.723  0.420  0.6552 0.8103 0.8966   0.456
 290 |  1.073  0.685  0.420  0.6552 0.8276 0.9138   0.461
 348 |  1.073  0.685  0.420  0.6552 0.8276 0.9138   0.461
 406 |  1.073  0.685  0.420  0.6552 0.8276 0.9138   0.461
 464 |  1.073  0.685  0.420  0.6552 0.8276 0.9138   0.461
 522 |  1.073  0.685  0.420  0.6552 0.8276 0.9138   0.461
 580 |  1.073  0.685  0.420  0.6552 0.8276 0.9138   0.461
 638 |  1.073  0.685  0.420  0.6552 0.8276 0.9138   0.461
 696 |  1.073  0.685  0.420  0.6552 0.8276 0.9138   0.461
 754 |  1.073  0.685  0.420  0.6552 0.8276 0.9138   0.461
 812 |  1.073  0.685  0.420  0.6552 0.8276 0.9138   0.461
 870 |  1.073  0.685  0.420  0.6552 0.8276 0.9138   0.461
 928 |  1.073  0.685  0.420  0.6552 0.8276 0.9138   0.461
 986 |  1.073  0.685  0.420  0.6552 0.8276 0.9138   0.461
1044 |  1.073  0.685  0.420  0.6552 0.8276 0.9138   0.461
1102 |  1.073  0.685  0.420  0.6552 0.8276 0.9138   0.461
1160 |  1.073  0.685  0.420  0.6552 0.8276 0.9138   0.461
1218 |  1.073  0.685  0.420  0.6552 0.8276 0.9138   0.461
1276 |  1.073  0.685  0.420  0.6552 0.8276 0.9138   0.461
1334 |  1.073  0.685  0.420  0.6552 0.8276 0.9138   0.461
1392 |  1.073  0.685  0.420  0.6552 0.8276 0.9138   0.461
1450 |  1.073  0.685  0.420  0.6552 0.8276 0.9138   0.461
1508 |  1.073  0.685  0.420  0.6552 0.8276 0.9138   0.461
1566 |  1.073  0.685  0.420  0.6552 0.8276 0.9138   0.461
1624 |  1.073  0.685  0.420  0.6552 0.8276 0.9138   0.461
1682 |  1.073  0.685  0.420  0.6552 0.8276 0.9138   0.461
1740 |  1.073  0.685  0.420  0.6552 0.8276 0.9138   0.461
1798 |  1.073  0.685  0.420  0.6552 0.8276 0.9138   0.461
1856 |  1.073  0.685  0.420  0.6552 0.8276 0.9138   0.461
1914 |  1.073  0.685  0.420  0.6552 0.8276 0.9138   0.461
1972 |  1.073  0.685  0.420  0.6552 0.8276 0.9138   0.461
2030 |  1.073  0.685  0.420  0.6552 0.8276 0.9138   0.461
2088 |  1.073  0.685  0.420  0.6552 0.8276 0.9138   0.461
2146 |  1.073  0.685  0.420  0.6552 0.8276 0.9138   0.461
2204 |  1.073  0.685  0.420  0.6552 0.8276 0.9138   0.461
2262 |  1.073  0.685  0.420  0.6552 0.8276 0.9138   0.461
2320 |  1.073  0.685  0.420  0.6552 0.8276 0.9138   0.461
2378 |  1.073  0.685  0.420  0.6552 0.8276 0.9138   0.461
2436 |  1.073  0.685  0.420  0.6552 0.8276 0.9138   0.461
2494 |  1.073  0.685  0.420  0.6552 0.8276 0.9138   0.461
2552 |  1.073  0.685  0.420  0.6552 0.8276 0.9138   0.461
2610 |  1.073  0.685  0.420  0.6552 0.8276 0.9138   0.461
2668 |  1.073  0.685  0.420  0.6552 0.8276 0.9138   0.461
2726 |  1.073  0.685  0.420  0.6552 0.8276 0.9138   0.461
2784 |  1.073  0.685  0.420  0.6552 0.8276 0.9138   0.461
2842 |  1.073  0.685  0.420  0.6552 0.8276 0.9138   0.461
 259 |  1.073  0.685  0.420  0.6552 0.8276 0.9138   0.461
#
