# Hydraprot_sorted/3dha_A.pdb
# Protein CA rmsd=  0.000
#  N |   RMSD    Ave    Med   f<0.5  f<1.0  f<1.5
  68 |  4.812  2.794  0.306  0.6324 0.6471 0.6618   0.269
 136 |  1.452  0.719  0.257  0.7794 0.8529 0.8676   0.328
 204 |  0.758  0.456  0.246  0.8088 0.8971 0.9118   0.329
 272 |  0.592  0.393  0.246  0.8088 0.9265 0.9412   0.339
 340 |  0.492  0.348  0.239  0.8235 0.9559 0.9706   0.322
 408 |  0.492  0.348  0.239  0.8235 0.9559 0.9706   0.322
 476 |  0.492  0.348  0.239  0.8235 0.9559 0.9706   0.322
 544 |  0.492  0.348  0.239  0.8235 0.9559 0.9706   0.322
 612 |  0.492  0.348  0.239  0.8235 0.9559 0.9706   0.322
 680 |  0.492  0.348  0.239  0.8235 0.9559 0.9706   0.322
 748 |  0.492  0.348  0.239  0.8235 0.9559 0.9706   0.322
 816 |  0.492  0.348  0.239  0.8235 0.9559 0.9706   0.322
 884 |  0.492  0.348  0.239  0.8235 0.9559 0.9706   0.322
 952 |  0.492  0.348  0.239  0.8235 0.9559 0.9706   0.322
1020 |  0.492  0.348  0.239  0.8235 0.9559 0.9706   0.322
1088 |  0.492  0.348  0.239  0.8235 0.9559 0.9706   0.322
1156 |  0.492  0.348  0.239  0.8235 0.9559 0.9706   0.322
1224 |  0.492  0.348  0.239  0.8235 0.9559 0.9706   0.322
1292 |  0.492  0.348  0.239  0.8235 0.9559 0.9706   0.322
1360 |  0.492  0.348  0.239  0.8235 0.9559 0.9706   0.322
1428 |  0.492  0.348  0.239  0.8235 0.9559 0.9706   0.322
1496 |  0.492  0.348  0.239  0.8235 0.9559 0.9706   0.322
1564 |  0.492  0.348  0.239  0.8235 0.9559 0.9706   0.322
1632 |  0.492  0.348  0.239  0.8235 0.9559 0.9706   0.322
1700 |  0.492  0.348  0.239  0.8235 0.9559 0.9706   0.322
1768 |  0.492  0.348  0.239  0.8235 0.9559 0.9706   0.322
1836 |  0.492  0.348  0.239  0.8235 0.9559 0.9706   0.322
1904 |  0.492  0.348  0.239  0.8235 0.9559 0.9706   0.322
1972 |  0.492  0.348  0.239  0.8235 0.9559 0.9706   0.322
2040 |  0.492  0.348  0.239  0.8235 0.9559 0.9706   0.322
2108 |  0.492  0.348  0.239  0.8235 0.9559 0.9706   0.322
2176 |  0.492  0.348  0.239  0.8235 0.9559 0.9706   0.322
2244 |  0.492  0.348  0.239  0.8235 0.9559 0.9706   0.322
2312 |  0.492  0.348  0.239  0.8235 0.9559 0.9706   0.322
2380 |  0.492  0.348  0.239  0.8235 0.9559 0.9706   0.322
2448 |  0.492  0.348  0.239  0.8235 0.9559 0.9706   0.322
2516 |  0.492  0.348  0.239  0.8235 0.9559 0.9706   0.322
2584 |  0.492  0.348  0.239  0.8235 0.9559 0.9706   0.322
2652 |  0.492  0.348  0.239  0.8235 0.9559 0.9706   0.322
2720 |  0.492  0.348  0.239  0.8235 0.9559 0.9706   0.322
2788 |  0.492  0.348  0.239  0.8235 0.9559 0.9706   0.322
2856 |  0.492  0.348  0.239  0.8235 0.9559 0.9706   0.322
2924 |  0.492  0.348  0.239  0.8235 0.9559 0.9706   0.322
2992 |  0.492  0.348  0.239  0.8235 0.9559 0.9706   0.322
3060 |  0.492  0.348  0.239  0.8235 0.9559 0.9706   0.322
3128 |  0.492  0.348  0.239  0.8235 0.9559 0.9706   0.322
3196 |  0.492  0.348  0.239  0.8235 0.9559 0.9706   0.322
3264 |  0.492  0.348  0.239  0.8235 0.9559 0.9706   0.322
3332 |  0.492  0.348  0.239  0.8235 0.9559 0.9706   0.322
 498 |  0.492  0.348  0.239  0.8235 0.9559 0.9706   0.322
#
