# Hydraprot_sorted/3e4g_A.pdb
# Protein CA rmsd=  0.000
#  N |   RMSD    Ave    Med   f<0.5  f<1.0  f<1.5
  86 |  4.947  3.309  0.962  0.4651 0.5000 0.5116   0.306
 172 |  1.912  1.186  0.424  0.5930 0.6977 0.7442   0.403
 258 |  1.040  0.660  0.353  0.6744 0.8372 0.8953   0.433
 344 |  0.927  0.602  0.353  0.6860 0.8605 0.9186   0.439
 430 |  0.927  0.602  0.353  0.6860 0.8605 0.9186   0.439
 516 |  0.927  0.602  0.353  0.6860 0.8605 0.9186   0.439
 602 |  0.927  0.602  0.353  0.6860 0.8605 0.9186   0.439
 688 |  0.927  0.602  0.353  0.6860 0.8605 0.9186   0.439
 774 |  0.927  0.602  0.353  0.6860 0.8605 0.9186   0.439
 860 |  0.927  0.602  0.353  0.6860 0.8605 0.9186   0.439
 946 |  0.927  0.602  0.353  0.6860 0.8605 0.9186   0.439
1032 |  0.927  0.602  0.353  0.6860 0.8605 0.9186   0.439
1118 |  0.927  0.602  0.353  0.6860 0.8605 0.9186   0.439
1204 |  0.927  0.602  0.353  0.6860 0.8605 0.9186   0.439
1290 |  0.927  0.602  0.353  0.6860 0.8605 0.9186   0.439
1376 |  0.927  0.602  0.353  0.6860 0.8605 0.9186   0.439
1462 |  0.927  0.602  0.353  0.6860 0.8605 0.9186   0.439
1548 |  0.927  0.602  0.353  0.6860 0.8605 0.9186   0.439
1634 |  0.927  0.602  0.353  0.6860 0.8605 0.9186   0.439
1720 |  0.927  0.602  0.353  0.6860 0.8605 0.9186   0.439
1806 |  0.927  0.602  0.353  0.6860 0.8605 0.9186   0.439
1892 |  0.927  0.602  0.353  0.6860 0.8605 0.9186   0.439
1978 |  0.927  0.602  0.353  0.6860 0.8605 0.9186   0.439
2064 |  0.927  0.602  0.353  0.6860 0.8605 0.9186   0.439
2150 |  0.927  0.602  0.353  0.6860 0.8605 0.9186   0.439
2236 |  0.927  0.602  0.353  0.6860 0.8605 0.9186   0.439
2322 |  0.927  0.602  0.353  0.6860 0.8605 0.9186   0.439
2408 |  0.927  0.602  0.353  0.6860 0.8605 0.9186   0.439
2494 |  0.927  0.602  0.353  0.6860 0.8605 0.9186   0.439
2580 |  0.927  0.602  0.353  0.6860 0.8605 0.9186   0.439
2666 |  0.927  0.602  0.353  0.6860 0.8605 0.9186   0.439
2752 |  0.927  0.602  0.353  0.6860 0.8605 0.9186   0.439
2838 |  0.927  0.602  0.353  0.6860 0.8605 0.9186   0.439
2924 |  0.927  0.602  0.353  0.6860 0.8605 0.9186   0.439
3010 |  0.927  0.602  0.353  0.6860 0.8605 0.9186   0.439
3096 |  0.927  0.602  0.353  0.6860 0.8605 0.9186   0.439
3182 |  0.927  0.602  0.353  0.6860 0.8605 0.9186   0.439
3268 |  0.927  0.602  0.353  0.6860 0.8605 0.9186   0.439
3354 |  0.927  0.602  0.353  0.6860 0.8605 0.9186   0.439
3440 |  0.927  0.602  0.353  0.6860 0.8605 0.9186   0.439
3526 |  0.927  0.602  0.353  0.6860 0.8605 0.9186   0.439
3612 |  0.927  0.602  0.353  0.6860 0.8605 0.9186   0.439
3698 |  0.927  0.602  0.353  0.6860 0.8605 0.9186   0.439
3784 |  0.927  0.602  0.353  0.6860 0.8605 0.9186   0.439
3870 |  0.927  0.602  0.353  0.6860 0.8605 0.9186   0.439
3956 |  0.927  0.602  0.353  0.6860 0.8605 0.9186   0.439
4042 |  0.927  0.602  0.353  0.6860 0.8605 0.9186   0.439
4128 |  0.927  0.602  0.353  0.6860 0.8605 0.9186   0.439
4214 |  0.927  0.602  0.353  0.6860 0.8605 0.9186   0.439
 351 |  0.927  0.602  0.353  0.6860 0.8605 0.9186   0.439
#
