# Hydraprot_sorted/3eo6_A.pdb
# Protein CA rmsd=  0.000
#  N |   RMSD    Ave    Med   f<0.5  f<1.0  f<1.5
  36 |  6.508  4.932  4.290  0.3889 0.3889 0.3889   0.221
  72 |  3.287  2.087  0.514  0.5000 0.6111 0.6389   0.378
 108 |  2.051  1.179  0.375  0.6389 0.7500 0.7778   0.422
 144 |  1.252  0.756  0.352  0.6667 0.8056 0.8611   0.495
 180 |  1.133  0.694  0.352  0.6667 0.8056 0.8889   0.516
 216 |  1.044  0.629  0.335  0.6944 0.8333 0.9167   0.510
 252 |  1.044  0.629  0.335  0.6944 0.8333 0.9167   0.510
 288 |  1.044  0.629  0.335  0.6944 0.8333 0.9167   0.510
 324 |  1.044  0.629  0.335  0.6944 0.8333 0.9167   0.510
 360 |  1.044  0.629  0.335  0.6944 0.8333 0.9167   0.510
 396 |  1.044  0.629  0.335  0.6944 0.8333 0.9167   0.510
 432 |  1.044  0.629  0.335  0.6944 0.8333 0.9167   0.510
 468 |  1.044  0.629  0.335  0.6944 0.8333 0.9167   0.510
 504 |  1.044  0.629  0.335  0.6944 0.8333 0.9167   0.510
 540 |  1.044  0.629  0.335  0.6944 0.8333 0.9167   0.510
 576 |  1.044  0.629  0.335  0.6944 0.8333 0.9167   0.510
 612 |  1.044  0.629  0.335  0.6944 0.8333 0.9167   0.510
 648 |  1.044  0.629  0.335  0.6944 0.8333 0.9167   0.510
 684 |  1.044  0.629  0.335  0.6944 0.8333 0.9167   0.510
 720 |  1.044  0.629  0.335  0.6944 0.8333 0.9167   0.510
 756 |  1.044  0.629  0.335  0.6944 0.8333 0.9167   0.510
 792 |  1.044  0.629  0.335  0.6944 0.8333 0.9167   0.510
 828 |  1.044  0.629  0.335  0.6944 0.8333 0.9167   0.510
 864 |  1.044  0.629  0.335  0.6944 0.8333 0.9167   0.510
 900 |  1.044  0.629  0.335  0.6944 0.8333 0.9167   0.510
 936 |  1.044  0.629  0.335  0.6944 0.8333 0.9167   0.510
 972 |  1.044  0.629  0.335  0.6944 0.8333 0.9167   0.510
1008 |  1.044  0.629  0.335  0.6944 0.8333 0.9167   0.510
1044 |  1.044  0.629  0.335  0.6944 0.8333 0.9167   0.510
1080 |  1.044  0.629  0.335  0.6944 0.8333 0.9167   0.510
1116 |  1.044  0.629  0.335  0.6944 0.8333 0.9167   0.510
1152 |  1.044  0.629  0.335  0.6944 0.8333 0.9167   0.510
1188 |  1.044  0.629  0.335  0.6944 0.8333 0.9167   0.510
1224 |  1.044  0.629  0.335  0.6944 0.8333 0.9167   0.510
1260 |  1.044  0.629  0.335  0.6944 0.8333 0.9167   0.510
1296 |  1.044  0.629  0.335  0.6944 0.8333 0.9167   0.510
1332 |  1.044  0.629  0.335  0.6944 0.8333 0.9167   0.510
1368 |  1.044  0.629  0.335  0.6944 0.8333 0.9167   0.510
1404 |  1.044  0.629  0.335  0.6944 0.8333 0.9167   0.510
1440 |  1.044  0.629  0.335  0.6944 0.8333 0.9167   0.510
1476 |  1.044  0.629  0.335  0.6944 0.8333 0.9167   0.510
1512 |  1.044  0.629  0.335  0.6944 0.8333 0.9167   0.510
1548 |  1.044  0.629  0.335  0.6944 0.8333 0.9167   0.510
1584 |  1.044  0.629  0.335  0.6944 0.8333 0.9167   0.510
1620 |  1.044  0.629  0.335  0.6944 0.8333 0.9167   0.510
1656 |  1.044  0.629  0.335  0.6944 0.8333 0.9167   0.510
1692 |  1.044  0.629  0.335  0.6944 0.8333 0.9167   0.510
1728 |  1.044  0.629  0.335  0.6944 0.8333 0.9167   0.510
1764 |  1.044  0.629  0.335  0.6944 0.8333 0.9167   0.510
 229 |  1.044  0.629  0.335  0.6944 0.8333 0.9167   0.510
#
