# Hydraprot_sorted/3f1l_A.pdb
# Protein CA rmsd=  0.000
#  N |   RMSD    Ave    Med   f<0.5  f<1.0  f<1.5
  87 |  5.830  4.212  3.057  0.3908 0.4368 0.4483   0.321
 174 |  2.660  1.609  0.434  0.5287 0.6667 0.6897   0.426
 261 |  1.868  1.032  0.380  0.5747 0.7816 0.8046   0.460
 348 |  1.219  0.727  0.379  0.5977 0.8276 0.8736   0.465
 435 |  1.080  0.665  0.379  0.6092 0.8391 0.8966   0.460
 522 |  0.937  0.609  0.379  0.6092 0.8391 0.9195   0.482
 609 |  0.937  0.609  0.379  0.6092 0.8391 0.9195   0.482
 696 |  0.937  0.609  0.379  0.6092 0.8391 0.9195   0.482
 783 |  0.937  0.609  0.379  0.6092 0.8391 0.9195   0.482
 870 |  0.937  0.609  0.379  0.6092 0.8391 0.9195   0.482
 957 |  0.937  0.609  0.379  0.6092 0.8391 0.9195   0.482
1044 |  0.937  0.609  0.379  0.6092 0.8391 0.9195   0.482
1131 |  0.937  0.609  0.379  0.6092 0.8391 0.9195   0.482
1218 |  0.937  0.609  0.379  0.6092 0.8391 0.9195   0.482
1305 |  0.937  0.609  0.379  0.6092 0.8391 0.9195   0.482
1392 |  0.937  0.609  0.379  0.6092 0.8391 0.9195   0.482
1479 |  0.937  0.609  0.379  0.6092 0.8391 0.9195   0.482
1566 |  0.937  0.609  0.379  0.6092 0.8391 0.9195   0.482
1653 |  0.937  0.609  0.379  0.6092 0.8391 0.9195   0.482
1740 |  0.937  0.609  0.379  0.6092 0.8391 0.9195   0.482
1827 |  0.937  0.609  0.379  0.6092 0.8391 0.9195   0.482
1914 |  0.937  0.609  0.379  0.6092 0.8391 0.9195   0.482
2001 |  0.937  0.609  0.379  0.6092 0.8391 0.9195   0.482
2088 |  0.937  0.609  0.379  0.6092 0.8391 0.9195   0.482
2175 |  0.937  0.609  0.379  0.6092 0.8391 0.9195   0.482
2262 |  0.937  0.609  0.379  0.6092 0.8391 0.9195   0.482
2349 |  0.937  0.609  0.379  0.6092 0.8391 0.9195   0.482
2436 |  0.937  0.609  0.379  0.6092 0.8391 0.9195   0.482
2523 |  0.937  0.609  0.379  0.6092 0.8391 0.9195   0.482
2610 |  0.937  0.609  0.379  0.6092 0.8391 0.9195   0.482
2697 |  0.937  0.609  0.379  0.6092 0.8391 0.9195   0.482
2784 |  0.937  0.609  0.379  0.6092 0.8391 0.9195   0.482
2871 |  0.937  0.609  0.379  0.6092 0.8391 0.9195   0.482
2958 |  0.937  0.609  0.379  0.6092 0.8391 0.9195   0.482
3045 |  0.937  0.609  0.379  0.6092 0.8391 0.9195   0.482
3132 |  0.937  0.609  0.379  0.6092 0.8391 0.9195   0.482
3219 |  0.937  0.609  0.379  0.6092 0.8391 0.9195   0.482
3306 |  0.937  0.609  0.379  0.6092 0.8391 0.9195   0.482
3393 |  0.937  0.609  0.379  0.6092 0.8391 0.9195   0.482
3480 |  0.937  0.609  0.379  0.6092 0.8391 0.9195   0.482
3567 |  0.937  0.609  0.379  0.6092 0.8391 0.9195   0.482
3654 |  0.937  0.609  0.379  0.6092 0.8391 0.9195   0.482
3741 |  0.937  0.609  0.379  0.6092 0.8391 0.9195   0.482
3828 |  0.937  0.609  0.379  0.6092 0.8391 0.9195   0.482
3915 |  0.937  0.609  0.379  0.6092 0.8391 0.9195   0.482
4002 |  0.937  0.609  0.379  0.6092 0.8391 0.9195   0.482
4089 |  0.937  0.609  0.379  0.6092 0.8391 0.9195   0.482
4176 |  0.937  0.609  0.379  0.6092 0.8391 0.9195   0.482
4263 |  0.937  0.609  0.379  0.6092 0.8391 0.9195   0.482
 484 |  0.937  0.609  0.379  0.6092 0.8391 0.9195   0.482
#
