# Hydraprot_sorted/3g46_A.pdb
# Protein CA rmsd=  0.000
#  N |   RMSD    Ave    Med   f<0.5  f<1.0  f<1.5
  56 |  5.287  3.673  1.744  0.4286 0.4821 0.5000   0.353
 112 |  2.916  1.703  0.349  0.6071 0.7143 0.7321   0.340
 168 |  1.774  0.983  0.321  0.6607 0.8036 0.8393   0.375
 224 |  0.960  0.547  0.321  0.6786 0.9107 0.9643   0.416
 280 |  0.960  0.547  0.321  0.6786 0.9107 0.9643   0.416
 336 |  0.948  0.538  0.321  0.6786 0.9286 0.9643   0.407
 392 |  0.948  0.538  0.321  0.6786 0.9286 0.9643   0.407
 448 |  0.948  0.538  0.321  0.6786 0.9286 0.9643   0.407
 504 |  0.948  0.538  0.321  0.6786 0.9286 0.9643   0.407
 560 |  0.948  0.538  0.321  0.6786 0.9286 0.9643   0.407
 616 |  0.948  0.538  0.321  0.6786 0.9286 0.9643   0.407
 672 |  0.948  0.538  0.321  0.6786 0.9286 0.9643   0.407
 728 |  0.948  0.538  0.321  0.6786 0.9286 0.9643   0.407
 784 |  0.948  0.538  0.321  0.6786 0.9286 0.9643   0.407
 840 |  0.948  0.538  0.321  0.6786 0.9286 0.9643   0.407
 896 |  0.948  0.538  0.321  0.6786 0.9286 0.9643   0.407
 952 |  0.948  0.538  0.321  0.6786 0.9286 0.9643   0.407
1008 |  0.948  0.538  0.321  0.6786 0.9286 0.9643   0.407
1064 |  0.948  0.538  0.321  0.6786 0.9286 0.9643   0.407
1120 |  0.948  0.538  0.321  0.6786 0.9286 0.9643   0.407
1176 |  0.948  0.538  0.321  0.6786 0.9286 0.9643   0.407
1232 |  0.948  0.538  0.321  0.6786 0.9286 0.9643   0.407
1288 |  0.948  0.538  0.321  0.6786 0.9286 0.9643   0.407
1344 |  0.948  0.538  0.321  0.6786 0.9286 0.9643   0.407
1400 |  0.948  0.538  0.321  0.6786 0.9286 0.9643   0.407
1456 |  0.948  0.538  0.321  0.6786 0.9286 0.9643   0.407
1512 |  0.948  0.538  0.321  0.6786 0.9286 0.9643   0.407
1568 |  0.948  0.538  0.321  0.6786 0.9286 0.9643   0.407
1624 |  0.948  0.538  0.321  0.6786 0.9286 0.9643   0.407
1680 |  0.948  0.538  0.321  0.6786 0.9286 0.9643   0.407
1736 |  0.948  0.538  0.321  0.6786 0.9286 0.9643   0.407
1792 |  0.948  0.538  0.321  0.6786 0.9286 0.9643   0.407
1848 |  0.948  0.538  0.321  0.6786 0.9286 0.9643   0.407
1904 |  0.948  0.538  0.321  0.6786 0.9286 0.9643   0.407
1960 |  0.948  0.538  0.321  0.6786 0.9286 0.9643   0.407
2016 |  0.948  0.538  0.321  0.6786 0.9286 0.9643   0.407
2072 |  0.948  0.538  0.321  0.6786 0.9286 0.9643   0.407
2128 |  0.948  0.538  0.321  0.6786 0.9286 0.9643   0.407
2184 |  0.948  0.538  0.321  0.6786 0.9286 0.9643   0.407
2240 |  0.948  0.538  0.321  0.6786 0.9286 0.9643   0.407
2296 |  0.948  0.538  0.321  0.6786 0.9286 0.9643   0.407
2352 |  0.948  0.538  0.321  0.6786 0.9286 0.9643   0.407
2408 |  0.948  0.538  0.321  0.6786 0.9286 0.9643   0.407
2464 |  0.948  0.538  0.321  0.6786 0.9286 0.9643   0.407
2520 |  0.948  0.538  0.321  0.6786 0.9286 0.9643   0.407
2576 |  0.948  0.538  0.321  0.6786 0.9286 0.9643   0.407
2632 |  0.948  0.538  0.321  0.6786 0.9286 0.9643   0.407
2688 |  0.948  0.538  0.321  0.6786 0.9286 0.9643   0.407
2744 |  0.948  0.538  0.321  0.6786 0.9286 0.9643   0.407
 299 |  0.948  0.538  0.321  0.6786 0.9286 0.9643   0.407
#
