# Hydraprot_sorted/3ip0_A.pdb
# Protein CA rmsd=  0.000
#  N |   RMSD    Ave    Med   f<0.5  f<1.0  f<1.5
  65 |  5.058  3.472  2.407  0.3692 0.4615 0.4923   0.379
 130 |  2.874  1.817  0.533  0.4615 0.6154 0.6462   0.397
 195 |  1.769  1.100  0.490  0.5077 0.7231 0.7846   0.468
 260 |  1.396  0.872  0.448  0.5231 0.7692 0.8462   0.485
 325 |  1.058  0.684  0.448  0.5231 0.8000 0.9231   0.554
 390 |  1.058  0.684  0.448  0.5231 0.8000 0.9231   0.554
 455 |  1.058  0.684  0.448  0.5231 0.8000 0.9231   0.554
 520 |  1.058  0.684  0.448  0.5231 0.8000 0.9231   0.554
 585 |  1.058  0.684  0.448  0.5231 0.8000 0.9231   0.554
 650 |  1.058  0.684  0.448  0.5231 0.8000 0.9231   0.554
 715 |  1.058  0.684  0.448  0.5231 0.8000 0.9231   0.554
 780 |  1.058  0.684  0.448  0.5231 0.8000 0.9231   0.554
 845 |  1.058  0.684  0.448  0.5231 0.8000 0.9231   0.554
 910 |  1.058  0.684  0.448  0.5231 0.8000 0.9231   0.554
 975 |  1.058  0.684  0.448  0.5231 0.8000 0.9231   0.554
1040 |  1.058  0.684  0.448  0.5231 0.8000 0.9231   0.554
1105 |  1.058  0.684  0.448  0.5231 0.8000 0.9231   0.554
1170 |  1.058  0.684  0.448  0.5231 0.8000 0.9231   0.554
1235 |  1.058  0.684  0.448  0.5231 0.8000 0.9231   0.554
1300 |  1.058  0.684  0.448  0.5231 0.8000 0.9231   0.554
1365 |  1.058  0.684  0.448  0.5231 0.8000 0.9231   0.554
1430 |  1.058  0.684  0.448  0.5231 0.8000 0.9231   0.554
1495 |  1.058  0.684  0.448  0.5231 0.8000 0.9231   0.554
1560 |  1.058  0.684  0.448  0.5231 0.8000 0.9231   0.554
1625 |  1.058  0.684  0.448  0.5231 0.8000 0.9231   0.554
1690 |  1.058  0.684  0.448  0.5231 0.8000 0.9231   0.554
1755 |  1.058  0.684  0.448  0.5231 0.8000 0.9231   0.554
1820 |  1.058  0.684  0.448  0.5231 0.8000 0.9231   0.554
1885 |  1.058  0.684  0.448  0.5231 0.8000 0.9231   0.554
1950 |  1.058  0.684  0.448  0.5231 0.8000 0.9231   0.554
2015 |  1.058  0.684  0.448  0.5231 0.8000 0.9231   0.554
2080 |  1.058  0.684  0.448  0.5231 0.8000 0.9231   0.554
2145 |  1.058  0.684  0.448  0.5231 0.8000 0.9231   0.554
2210 |  1.058  0.684  0.448  0.5231 0.8000 0.9231   0.554
2275 |  1.058  0.684  0.448  0.5231 0.8000 0.9231   0.554
2340 |  1.058  0.684  0.448  0.5231 0.8000 0.9231   0.554
2405 |  1.058  0.684  0.448  0.5231 0.8000 0.9231   0.554
2470 |  1.058  0.684  0.448  0.5231 0.8000 0.9231   0.554
2535 |  1.058  0.684  0.448  0.5231 0.8000 0.9231   0.554
2600 |  1.058  0.684  0.448  0.5231 0.8000 0.9231   0.554
2665 |  1.058  0.684  0.448  0.5231 0.8000 0.9231   0.554
2730 |  1.058  0.684  0.448  0.5231 0.8000 0.9231   0.554
2795 |  1.058  0.684  0.448  0.5231 0.8000 0.9231   0.554
2860 |  1.058  0.684  0.448  0.5231 0.8000 0.9231   0.554
2925 |  1.058  0.684  0.448  0.5231 0.8000 0.9231   0.554
2990 |  1.058  0.684  0.448  0.5231 0.8000 0.9231   0.554
3055 |  1.058  0.684  0.448  0.5231 0.8000 0.9231   0.554
3120 |  1.058  0.684  0.448  0.5231 0.8000 0.9231   0.554
3185 |  1.058  0.684  0.448  0.5231 0.8000 0.9231   0.554
 327 |  1.058  0.684  0.448  0.5231 0.8000 0.9231   0.554
#
