# Hydraprot_sorted/3jyo_A.pdb
# Protein CA rmsd=  0.000
#  N |   RMSD    Ave    Med   f<0.5  f<1.0  f<1.5
 112 |  5.349  3.598  0.690  0.4464 0.5179 0.5268   0.332
 224 |  2.010  1.099  0.366  0.6071 0.7679 0.7857   0.419
 336 |  1.539  0.867  0.353  0.6250 0.7946 0.8393   0.414
 448 |  1.113  0.642  0.347  0.6518 0.8482 0.9196   0.426
 560 |  0.923  0.581  0.347  0.6607 0.8571 0.9286   0.440
 672 |  0.923  0.581  0.347  0.6607 0.8571 0.9286   0.440
 784 |  0.923  0.581  0.347  0.6607 0.8571 0.9286   0.440
 896 |  0.923  0.581  0.347  0.6607 0.8571 0.9286   0.440
1008 |  0.923  0.581  0.347  0.6607 0.8571 0.9286   0.440
1120 |  0.923  0.581  0.347  0.6607 0.8571 0.9286   0.440
1232 |  0.923  0.581  0.347  0.6607 0.8571 0.9286   0.440
1344 |  0.923  0.581  0.347  0.6607 0.8571 0.9286   0.440
1456 |  0.923  0.581  0.347  0.6607 0.8571 0.9286   0.440
1568 |  0.923  0.581  0.347  0.6607 0.8571 0.9286   0.440
1680 |  0.923  0.581  0.347  0.6607 0.8571 0.9286   0.440
1792 |  0.923  0.581  0.347  0.6607 0.8571 0.9286   0.440
1904 |  0.923  0.581  0.347  0.6607 0.8571 0.9286   0.440
2016 |  0.923  0.581  0.347  0.6607 0.8571 0.9286   0.440
2128 |  0.923  0.581  0.347  0.6607 0.8571 0.9286   0.440
2240 |  0.923  0.581  0.347  0.6607 0.8571 0.9286   0.440
2352 |  0.923  0.581  0.347  0.6607 0.8571 0.9286   0.440
2464 |  0.923  0.581  0.347  0.6607 0.8571 0.9286   0.440
2576 |  0.923  0.581  0.347  0.6607 0.8571 0.9286   0.440
2688 |  0.923  0.581  0.347  0.6607 0.8571 0.9286   0.440
2800 |  0.923  0.581  0.347  0.6607 0.8571 0.9286   0.440
2912 |  0.923  0.581  0.347  0.6607 0.8571 0.9286   0.440
3024 |  0.923  0.581  0.347  0.6607 0.8571 0.9286   0.440
3136 |  0.923  0.581  0.347  0.6607 0.8571 0.9286   0.440
3248 |  0.923  0.581  0.347  0.6607 0.8571 0.9286   0.440
3360 |  0.923  0.581  0.347  0.6607 0.8571 0.9286   0.440
3472 |  0.923  0.581  0.347  0.6607 0.8571 0.9286   0.440
3584 |  0.923  0.581  0.347  0.6607 0.8571 0.9286   0.440
3696 |  0.923  0.581  0.347  0.6607 0.8571 0.9286   0.440
3808 |  0.923  0.581  0.347  0.6607 0.8571 0.9286   0.440
3920 |  0.923  0.581  0.347  0.6607 0.8571 0.9286   0.440
4032 |  0.923  0.581  0.347  0.6607 0.8571 0.9286   0.440
4144 |  0.923  0.581  0.347  0.6607 0.8571 0.9286   0.440
4256 |  0.923  0.581  0.347  0.6607 0.8571 0.9286   0.440
4368 |  0.923  0.581  0.347  0.6607 0.8571 0.9286   0.440
4480 |  0.923  0.581  0.347  0.6607 0.8571 0.9286   0.440
4592 |  0.923  0.581  0.347  0.6607 0.8571 0.9286   0.440
4704 |  0.923  0.581  0.347  0.6607 0.8571 0.9286   0.440
4816 |  0.923  0.581  0.347  0.6607 0.8571 0.9286   0.440
4928 |  0.923  0.581  0.347  0.6607 0.8571 0.9286   0.440
5040 |  0.923  0.581  0.347  0.6607 0.8571 0.9286   0.440
5152 |  0.923  0.581  0.347  0.6607 0.8571 0.9286   0.440
5264 |  0.923  0.581  0.347  0.6607 0.8571 0.9286   0.440
5376 |  0.923  0.581  0.347  0.6607 0.8571 0.9286   0.440
5488 |  0.923  0.581  0.347  0.6607 0.8571 0.9286   0.440
 552 |  0.923  0.581  0.347  0.6607 0.8571 0.9286   0.440
#
