# Hydraprot_sorted/3kff_A.pdb
# Protein CA rmsd=  0.000
#  N |   RMSD    Ave    Med   f<0.5  f<1.0  f<1.5
  74 |  4.917  3.283  0.771  0.4324 0.5270 0.5676   0.422
 148 |  2.303  1.208  0.405  0.6081 0.7568 0.8378   0.458
 222 |  1.681  0.889  0.405  0.6081 0.7838 0.8919   0.485
 296 |  1.021  0.654  0.405  0.6081 0.8108 0.9189   0.508
 370 |  0.760  0.576  0.405  0.6081 0.8243 0.9324   0.526
 444 |  0.760  0.576  0.405  0.6081 0.8243 0.9324   0.526
 518 |  0.760  0.576  0.405  0.6081 0.8243 0.9324   0.526
 592 |  0.760  0.576  0.405  0.6081 0.8243 0.9324   0.526
 666 |  0.760  0.576  0.405  0.6081 0.8243 0.9324   0.526
 740 |  0.760  0.576  0.405  0.6081 0.8243 0.9324   0.526
 814 |  0.760  0.576  0.405  0.6081 0.8243 0.9324   0.526
 888 |  0.760  0.576  0.405  0.6081 0.8243 0.9324   0.526
 962 |  0.760  0.576  0.405  0.6081 0.8243 0.9324   0.526
1036 |  0.760  0.576  0.405  0.6081 0.8243 0.9324   0.526
1110 |  0.760  0.576  0.405  0.6081 0.8243 0.9324   0.526
1184 |  0.760  0.576  0.405  0.6081 0.8243 0.9324   0.526
1258 |  0.760  0.576  0.405  0.6081 0.8243 0.9324   0.526
1332 |  0.760  0.576  0.405  0.6081 0.8243 0.9324   0.526
1406 |  0.760  0.576  0.405  0.6081 0.8243 0.9324   0.526
1480 |  0.760  0.576  0.405  0.6081 0.8243 0.9324   0.526
1554 |  0.760  0.576  0.405  0.6081 0.8243 0.9324   0.526
1628 |  0.760  0.576  0.405  0.6081 0.8243 0.9324   0.526
1702 |  0.760  0.576  0.405  0.6081 0.8243 0.9324   0.526
1776 |  0.760  0.576  0.405  0.6081 0.8243 0.9324   0.526
1850 |  0.760  0.576  0.405  0.6081 0.8243 0.9324   0.526
1924 |  0.760  0.576  0.405  0.6081 0.8243 0.9324   0.526
1998 |  0.760  0.576  0.405  0.6081 0.8243 0.9324   0.526
2072 |  0.760  0.576  0.405  0.6081 0.8243 0.9324   0.526
2146 |  0.760  0.576  0.405  0.6081 0.8243 0.9324   0.526
2220 |  0.760  0.576  0.405  0.6081 0.8243 0.9324   0.526
2294 |  0.760  0.576  0.405  0.6081 0.8243 0.9324   0.526
2368 |  0.760  0.576  0.405  0.6081 0.8243 0.9324   0.526
2442 |  0.760  0.576  0.405  0.6081 0.8243 0.9324   0.526
2516 |  0.760  0.576  0.405  0.6081 0.8243 0.9324   0.526
2590 |  0.760  0.576  0.405  0.6081 0.8243 0.9324   0.526
2664 |  0.760  0.576  0.405  0.6081 0.8243 0.9324   0.526
2738 |  0.760  0.576  0.405  0.6081 0.8243 0.9324   0.526
2812 |  0.760  0.576  0.405  0.6081 0.8243 0.9324   0.526
2886 |  0.760  0.576  0.405  0.6081 0.8243 0.9324   0.526
2960 |  0.760  0.576  0.405  0.6081 0.8243 0.9324   0.526
3034 |  0.760  0.576  0.405  0.6081 0.8243 0.9324   0.526
3108 |  0.760  0.576  0.405  0.6081 0.8243 0.9324   0.526
3182 |  0.760  0.576  0.405  0.6081 0.8243 0.9324   0.526
3256 |  0.760  0.576  0.405  0.6081 0.8243 0.9324   0.526
3330 |  0.760  0.576  0.405  0.6081 0.8243 0.9324   0.526
3404 |  0.760  0.576  0.405  0.6081 0.8243 0.9324   0.526
3478 |  0.760  0.576  0.405  0.6081 0.8243 0.9324   0.526
3552 |  0.760  0.576  0.405  0.6081 0.8243 0.9324   0.526
3626 |  0.760  0.576  0.405  0.6081 0.8243 0.9324   0.526
 333 |  0.760  0.576  0.405  0.6081 0.8243 0.9324   0.526
#
