# Hydraprot_sorted/3ks3_A.pdb
# Protein CA rmsd=  0.000
#  N |   RMSD    Ave    Med   f<0.5  f<1.0  f<1.5
 130 |  4.604  2.899  0.577  0.4692 0.5615 0.5923   0.379
 260 |  2.129  1.231  0.425  0.5462 0.7077 0.7769   0.464
 390 |  1.360  0.802  0.411  0.5923 0.7923 0.8692   0.468
 520 |  1.161  0.732  0.411  0.5923 0.7923 0.8769   0.486
 650 |  1.161  0.732  0.411  0.5923 0.7923 0.8769   0.486
 780 |  1.161  0.732  0.411  0.5923 0.7923 0.8769   0.486
 910 |  1.161  0.732  0.411  0.5923 0.7923 0.8769   0.486
1040 |  1.161  0.732  0.411  0.5923 0.7923 0.8769   0.486
1170 |  1.161  0.732  0.411  0.5923 0.7923 0.8769   0.486
1300 |  1.161  0.732  0.411  0.5923 0.7923 0.8769   0.486
1430 |  1.161  0.732  0.411  0.5923 0.7923 0.8769   0.486
1560 |  1.161  0.732  0.411  0.5923 0.7923 0.8769   0.486
1690 |  1.161  0.732  0.411  0.5923 0.7923 0.8769   0.486
1820 |  1.161  0.732  0.411  0.5923 0.7923 0.8769   0.486
1950 |  1.161  0.732  0.411  0.5923 0.7923 0.8769   0.486
2080 |  1.161  0.732  0.411  0.5923 0.7923 0.8769   0.486
2210 |  1.161  0.732  0.411  0.5923 0.7923 0.8769   0.486
2340 |  1.161  0.732  0.411  0.5923 0.7923 0.8769   0.486
2470 |  1.161  0.732  0.411  0.5923 0.7923 0.8769   0.486
2600 |  1.161  0.732  0.411  0.5923 0.7923 0.8769   0.486
2730 |  1.161  0.732  0.411  0.5923 0.7923 0.8769   0.486
2860 |  1.161  0.732  0.411  0.5923 0.7923 0.8769   0.486
2990 |  1.161  0.732  0.411  0.5923 0.7923 0.8769   0.486
3120 |  1.161  0.732  0.411  0.5923 0.7923 0.8769   0.486
3250 |  1.161  0.732  0.411  0.5923 0.7923 0.8769   0.486
3380 |  1.161  0.732  0.411  0.5923 0.7923 0.8769   0.486
3510 |  1.161  0.732  0.411  0.5923 0.7923 0.8769   0.486
3640 |  1.161  0.732  0.411  0.5923 0.7923 0.8769   0.486
3770 |  1.161  0.732  0.411  0.5923 0.7923 0.8769   0.486
3900 |  1.161  0.732  0.411  0.5923 0.7923 0.8769   0.486
4030 |  1.161  0.732  0.411  0.5923 0.7923 0.8769   0.486
4160 |  1.161  0.732  0.411  0.5923 0.7923 0.8769   0.486
4290 |  1.161  0.732  0.411  0.5923 0.7923 0.8769   0.486
4420 |  1.161  0.732  0.411  0.5923 0.7923 0.8769   0.486
4550 |  1.161  0.732  0.411  0.5923 0.7923 0.8769   0.486
4680 |  1.161  0.732  0.411  0.5923 0.7923 0.8769   0.486
4810 |  1.161  0.732  0.411  0.5923 0.7923 0.8769   0.486
4940 |  1.161  0.732  0.411  0.5923 0.7923 0.8769   0.486
5070 |  1.161  0.732  0.411  0.5923 0.7923 0.8769   0.486
5200 |  1.161  0.732  0.411  0.5923 0.7923 0.8769   0.486
5330 |  1.161  0.732  0.411  0.5923 0.7923 0.8769   0.486
5460 |  1.161  0.732  0.411  0.5923 0.7923 0.8769   0.486
5590 |  1.161  0.732  0.411  0.5923 0.7923 0.8769   0.486
5720 |  1.161  0.732  0.411  0.5923 0.7923 0.8769   0.486
5850 |  1.161  0.732  0.411  0.5923 0.7923 0.8769   0.486
5980 |  1.161  0.732  0.411  0.5923 0.7923 0.8769   0.486
6110 |  1.161  0.732  0.411  0.5923 0.7923 0.8769   0.486
6240 |  1.161  0.732  0.411  0.5923 0.7923 0.8769   0.486
6370 |  1.161  0.732  0.411  0.5923 0.7923 0.8769   0.486
 506 |  1.161  0.732  0.411  0.5923 0.7923 0.8769   0.486
#
