# Hydraprot_sorted/3l8w_A.pdb
# Protein CA rmsd=  0.000
#  N |   RMSD    Ave    Med   f<0.5  f<1.0  f<1.5
  92 |  5.319  3.622  0.818  0.4239 0.5217 0.5326   0.325
 184 |  3.262  1.918  0.435  0.5435 0.6739 0.6957   0.350
 276 |  2.131  1.097  0.337  0.6196 0.8043 0.8370   0.399
 368 |  1.181  0.657  0.335  0.6413 0.8587 0.9130   0.430
 460 |  1.082  0.602  0.335  0.6522 0.8804 0.9348   0.431
 552 |  0.893  0.554  0.335  0.6630 0.8913 0.9457   0.431
 644 |  0.665  0.480  0.334  0.6739 0.9130 0.9674   0.435
 736 |  0.665  0.480  0.334  0.6739 0.9130 0.9674   0.435
 828 |  0.665  0.480  0.334  0.6739 0.9130 0.9674   0.435
 920 |  0.665  0.480  0.334  0.6739 0.9130 0.9674   0.435
1012 |  0.665  0.480  0.334  0.6739 0.9130 0.9674   0.435
1104 |  0.665  0.480  0.334  0.6739 0.9130 0.9674   0.435
1196 |  0.665  0.480  0.334  0.6739 0.9130 0.9674   0.435
1288 |  0.665  0.480  0.334  0.6739 0.9130 0.9674   0.435
1380 |  0.665  0.480  0.334  0.6739 0.9130 0.9674   0.435
1472 |  0.665  0.480  0.334  0.6739 0.9130 0.9674   0.435
1564 |  0.665  0.480  0.334  0.6739 0.9130 0.9674   0.435
1656 |  0.665  0.480  0.334  0.6739 0.9130 0.9674   0.435
1748 |  0.665  0.480  0.334  0.6739 0.9130 0.9674   0.435
1840 |  0.665  0.480  0.334  0.6739 0.9130 0.9674   0.435
1932 |  0.665  0.480  0.334  0.6739 0.9130 0.9674   0.435
2024 |  0.665  0.480  0.334  0.6739 0.9130 0.9674   0.435
2116 |  0.665  0.480  0.334  0.6739 0.9130 0.9674   0.435
2208 |  0.665  0.480  0.334  0.6739 0.9130 0.9674   0.435
2300 |  0.665  0.480  0.334  0.6739 0.9130 0.9674   0.435
2392 |  0.665  0.480  0.334  0.6739 0.9130 0.9674   0.435
2484 |  0.665  0.480  0.334  0.6739 0.9130 0.9674   0.435
2576 |  0.665  0.480  0.334  0.6739 0.9130 0.9674   0.435
2668 |  0.665  0.480  0.334  0.6739 0.9130 0.9674   0.435
2760 |  0.665  0.480  0.334  0.6739 0.9130 0.9674   0.435
2852 |  0.665  0.480  0.334  0.6739 0.9130 0.9674   0.435
2944 |  0.665  0.480  0.334  0.6739 0.9130 0.9674   0.435
3036 |  0.665  0.480  0.334  0.6739 0.9130 0.9674   0.435
3128 |  0.665  0.480  0.334  0.6739 0.9130 0.9674   0.435
3220 |  0.665  0.480  0.334  0.6739 0.9130 0.9674   0.435
3312 |  0.665  0.480  0.334  0.6739 0.9130 0.9674   0.435
3404 |  0.665  0.480  0.334  0.6739 0.9130 0.9674   0.435
3496 |  0.665  0.480  0.334  0.6739 0.9130 0.9674   0.435
3588 |  0.665  0.480  0.334  0.6739 0.9130 0.9674   0.435
3680 |  0.665  0.480  0.334  0.6739 0.9130 0.9674   0.435
3772 |  0.665  0.480  0.334  0.6739 0.9130 0.9674   0.435
3864 |  0.665  0.480  0.334  0.6739 0.9130 0.9674   0.435
3956 |  0.665  0.480  0.334  0.6739 0.9130 0.9674   0.435
4048 |  0.665  0.480  0.334  0.6739 0.9130 0.9674   0.435
4140 |  0.665  0.480  0.334  0.6739 0.9130 0.9674   0.435
4232 |  0.665  0.480  0.334  0.6739 0.9130 0.9674   0.435
4324 |  0.665  0.480  0.334  0.6739 0.9130 0.9674   0.435
4416 |  0.665  0.480  0.334  0.6739 0.9130 0.9674   0.435
4508 |  0.665  0.480  0.334  0.6739 0.9130 0.9674   0.435
 637 |  0.665  0.480  0.334  0.6739 0.9130 0.9674   0.435
#
