# Hydraprot_sorted/3m5q_A.pdb
# Protein CA rmsd=  0.000
#  N |   RMSD    Ave    Med   f<0.5  f<1.0  f<1.5
 152 |  4.548  2.782  0.412  0.5461 0.6118 0.6184   0.312
 304 |  1.774  0.964  0.345  0.6645 0.7895 0.8092   0.404
 456 |  1.323  0.728  0.329  0.6842 0.8355 0.8684   0.433
 608 |  0.958  0.558  0.322  0.7039 0.8750 0.9145   0.435
 760 |  0.884  0.524  0.322  0.7105 0.8882 0.9342   0.436
 912 |  0.884  0.524  0.322  0.7105 0.8882 0.9342   0.436
1064 |  0.884  0.524  0.322  0.7105 0.8882 0.9342   0.436
1216 |  0.884  0.524  0.322  0.7105 0.8882 0.9342   0.436
1368 |  0.884  0.524  0.322  0.7105 0.8882 0.9342   0.436
1520 |  0.884  0.524  0.322  0.7105 0.8882 0.9342   0.436
1672 |  0.884  0.524  0.322  0.7105 0.8882 0.9342   0.436
1824 |  0.884  0.524  0.322  0.7105 0.8882 0.9342   0.436
1976 |  0.884  0.524  0.322  0.7105 0.8882 0.9342   0.436
2128 |  0.884  0.524  0.322  0.7105 0.8882 0.9342   0.436
2280 |  0.884  0.524  0.322  0.7105 0.8882 0.9342   0.436
2432 |  0.884  0.524  0.322  0.7105 0.8882 0.9342   0.436
2584 |  0.884  0.524  0.322  0.7105 0.8882 0.9342   0.436
2736 |  0.884  0.524  0.322  0.7105 0.8882 0.9342   0.436
2888 |  0.884  0.524  0.322  0.7105 0.8882 0.9342   0.436
3040 |  0.884  0.524  0.322  0.7105 0.8882 0.9342   0.436
3192 |  0.884  0.524  0.322  0.7105 0.8882 0.9342   0.436
3344 |  0.884  0.524  0.322  0.7105 0.8882 0.9342   0.436
3496 |  0.884  0.524  0.322  0.7105 0.8882 0.9342   0.436
3648 |  0.884  0.524  0.322  0.7105 0.8882 0.9342   0.436
3800 |  0.884  0.524  0.322  0.7105 0.8882 0.9342   0.436
3952 |  0.884  0.524  0.322  0.7105 0.8882 0.9342   0.436
4104 |  0.884  0.524  0.322  0.7105 0.8882 0.9342   0.436
4256 |  0.884  0.524  0.322  0.7105 0.8882 0.9342   0.436
4408 |  0.884  0.524  0.322  0.7105 0.8882 0.9342   0.436
4560 |  0.884  0.524  0.322  0.7105 0.8882 0.9342   0.436
4712 |  0.884  0.524  0.322  0.7105 0.8882 0.9342   0.436
4864 |  0.884  0.524  0.322  0.7105 0.8882 0.9342   0.436
5016 |  0.884  0.524  0.322  0.7105 0.8882 0.9342   0.436
5168 |  0.884  0.524  0.322  0.7105 0.8882 0.9342   0.436
5320 |  0.884  0.524  0.322  0.7105 0.8882 0.9342   0.436
5472 |  0.884  0.524  0.322  0.7105 0.8882 0.9342   0.436
5624 |  0.884  0.524  0.322  0.7105 0.8882 0.9342   0.436
5776 |  0.884  0.524  0.322  0.7105 0.8882 0.9342   0.436
5928 |  0.884  0.524  0.322  0.7105 0.8882 0.9342   0.436
6080 |  0.884  0.524  0.322  0.7105 0.8882 0.9342   0.436
6232 |  0.884  0.524  0.322  0.7105 0.8882 0.9342   0.436
6384 |  0.884  0.524  0.322  0.7105 0.8882 0.9342   0.436
6536 |  0.884  0.524  0.322  0.7105 0.8882 0.9342   0.436
6688 |  0.884  0.524  0.322  0.7105 0.8882 0.9342   0.436
6840 |  0.884  0.524  0.322  0.7105 0.8882 0.9342   0.436
6992 |  0.884  0.524  0.322  0.7105 0.8882 0.9342   0.436
7144 |  0.884  0.524  0.322  0.7105 0.8882 0.9342   0.436
7296 |  0.884  0.524  0.322  0.7105 0.8882 0.9342   0.436
7448 |  0.884  0.524  0.322  0.7105 0.8882 0.9342   0.436
 682 |  0.884  0.524  0.322  0.7105 0.8882 0.9342   0.436
#
