# Hydraprot_sorted/3noq_A.pdb
# Protein CA rmsd=  0.000
#  N |   RMSD    Ave    Med   f<0.5  f<1.0  f<1.5
  59 |  5.724  4.030  1.582  0.4068 0.4746 0.4915   0.323
 118 |  3.606  2.205  0.509  0.4746 0.6102 0.6610   0.373
 177 |  2.676  1.410  0.378  0.5424 0.7458 0.7966   0.406
 236 |  1.316  0.732  0.333  0.6102 0.8136 0.8814   0.442
 295 |  0.762  0.532  0.333  0.6271 0.8475 0.9322   0.487
 354 |  0.629  0.481  0.333  0.6271 0.8644 0.9661   0.481
 413 |  0.629  0.481  0.333  0.6271 0.8644 0.9661   0.481
 472 |  0.629  0.481  0.333  0.6271 0.8644 0.9661   0.481
 531 |  0.629  0.481  0.333  0.6271 0.8644 0.9661   0.481
 590 |  0.629  0.481  0.333  0.6271 0.8644 0.9661   0.481
 649 |  0.629  0.481  0.333  0.6271 0.8644 0.9661   0.481
 708 |  0.629  0.481  0.333  0.6271 0.8644 0.9661   0.481
 767 |  0.629  0.481  0.333  0.6271 0.8644 0.9661   0.481
 826 |  0.629  0.481  0.333  0.6271 0.8644 0.9661   0.481
 885 |  0.629  0.481  0.333  0.6271 0.8644 0.9661   0.481
 944 |  0.629  0.481  0.333  0.6271 0.8644 0.9661   0.481
1003 |  0.629  0.481  0.333  0.6271 0.8644 0.9661   0.481
1062 |  0.629  0.481  0.333  0.6271 0.8644 0.9661   0.481
1121 |  0.629  0.481  0.333  0.6271 0.8644 0.9661   0.481
1180 |  0.629  0.481  0.333  0.6271 0.8644 0.9661   0.481
1239 |  0.629  0.481  0.333  0.6271 0.8644 0.9661   0.481
1298 |  0.629  0.481  0.333  0.6271 0.8644 0.9661   0.481
1357 |  0.629  0.481  0.333  0.6271 0.8644 0.9661   0.481
1416 |  0.629  0.481  0.333  0.6271 0.8644 0.9661   0.481
1475 |  0.629  0.481  0.333  0.6271 0.8644 0.9661   0.481
1534 |  0.629  0.481  0.333  0.6271 0.8644 0.9661   0.481
1593 |  0.629  0.481  0.333  0.6271 0.8644 0.9661   0.481
1652 |  0.629  0.481  0.333  0.6271 0.8644 0.9661   0.481
1711 |  0.629  0.481  0.333  0.6271 0.8644 0.9661   0.481
1770 |  0.629  0.481  0.333  0.6271 0.8644 0.9661   0.481
1829 |  0.629  0.481  0.333  0.6271 0.8644 0.9661   0.481
1888 |  0.629  0.481  0.333  0.6271 0.8644 0.9661   0.481
1947 |  0.629  0.481  0.333  0.6271 0.8644 0.9661   0.481
2006 |  0.629  0.481  0.333  0.6271 0.8644 0.9661   0.481
2065 |  0.629  0.481  0.333  0.6271 0.8644 0.9661   0.481
2124 |  0.629  0.481  0.333  0.6271 0.8644 0.9661   0.481
2183 |  0.629  0.481  0.333  0.6271 0.8644 0.9661   0.481
2242 |  0.629  0.481  0.333  0.6271 0.8644 0.9661   0.481
2301 |  0.629  0.481  0.333  0.6271 0.8644 0.9661   0.481
2360 |  0.629  0.481  0.333  0.6271 0.8644 0.9661   0.481
2419 |  0.629  0.481  0.333  0.6271 0.8644 0.9661   0.481
2478 |  0.629  0.481  0.333  0.6271 0.8644 0.9661   0.481
2537 |  0.629  0.481  0.333  0.6271 0.8644 0.9661   0.481
2596 |  0.629  0.481  0.333  0.6271 0.8644 0.9661   0.481
2655 |  0.629  0.481  0.333  0.6271 0.8644 0.9661   0.481
2714 |  0.629  0.481  0.333  0.6271 0.8644 0.9661   0.481
2773 |  0.629  0.481  0.333  0.6271 0.8644 0.9661   0.481
2832 |  0.629  0.481  0.333  0.6271 0.8644 0.9661   0.481
2891 |  0.629  0.481  0.333  0.6271 0.8644 0.9661   0.481
 423 |  0.629  0.481  0.333  0.6271 0.8644 0.9661   0.481
#
