# Hydraprot_sorted/3ql9_A.pdb
# Protein CA rmsd=  0.000
#  N |   RMSD    Ave    Med   f<0.5  f<1.0  f<1.5
  54 |  5.712  4.160  3.202  0.3333 0.4259 0.4444   0.409
 108 |  2.655  1.584  0.509  0.5000 0.7222 0.7407   0.446
 162 |  0.958  0.661  0.464  0.5741 0.8889 0.9074   0.513
 216 |  0.728  0.560  0.451  0.5926 0.9259 0.9444   0.516
 270 |  0.613  0.514  0.441  0.6111 0.9444 0.9630   0.514
 324 |  0.571  0.494  0.441  0.6111 0.9630 0.9815   0.494
 378 |  0.571  0.494  0.441  0.6111 0.9630 0.9815   0.494
 432 |  0.571  0.494  0.441  0.6111 0.9630 0.9815   0.494
 486 |  0.571  0.494  0.441  0.6111 0.9630 0.9815   0.494
 540 |  0.571  0.494  0.441  0.6111 0.9630 0.9815   0.494
 594 |  0.571  0.494  0.441  0.6111 0.9630 0.9815   0.494
 648 |  0.571  0.494  0.441  0.6111 0.9630 0.9815   0.494
 702 |  0.571  0.494  0.441  0.6111 0.9630 0.9815   0.494
 756 |  0.571  0.494  0.441  0.6111 0.9630 0.9815   0.494
 810 |  0.571  0.494  0.441  0.6111 0.9630 0.9815   0.494
 864 |  0.571  0.494  0.441  0.6111 0.9630 0.9815   0.494
 918 |  0.571  0.494  0.441  0.6111 0.9630 0.9815   0.494
 972 |  0.571  0.494  0.441  0.6111 0.9630 0.9815   0.494
1026 |  0.571  0.494  0.441  0.6111 0.9630 0.9815   0.494
1080 |  0.571  0.494  0.441  0.6111 0.9630 0.9815   0.494
1134 |  0.571  0.494  0.441  0.6111 0.9630 0.9815   0.494
1188 |  0.571  0.494  0.441  0.6111 0.9630 0.9815   0.494
1242 |  0.571  0.494  0.441  0.6111 0.9630 0.9815   0.494
1296 |  0.571  0.494  0.441  0.6111 0.9630 0.9815   0.494
1350 |  0.571  0.494  0.441  0.6111 0.9630 0.9815   0.494
1404 |  0.571  0.494  0.441  0.6111 0.9630 0.9815   0.494
1458 |  0.571  0.494  0.441  0.6111 0.9630 0.9815   0.494
1512 |  0.571  0.494  0.441  0.6111 0.9630 0.9815   0.494
1566 |  0.571  0.494  0.441  0.6111 0.9630 0.9815   0.494
1620 |  0.571  0.494  0.441  0.6111 0.9630 0.9815   0.494
1674 |  0.571  0.494  0.441  0.6111 0.9630 0.9815   0.494
1728 |  0.571  0.494  0.441  0.6111 0.9630 0.9815   0.494
1782 |  0.571  0.494  0.441  0.6111 0.9630 0.9815   0.494
1836 |  0.571  0.494  0.441  0.6111 0.9630 0.9815   0.494
1890 |  0.571  0.494  0.441  0.6111 0.9630 0.9815   0.494
1944 |  0.571  0.494  0.441  0.6111 0.9630 0.9815   0.494
1998 |  0.571  0.494  0.441  0.6111 0.9630 0.9815   0.494
2052 |  0.571  0.494  0.441  0.6111 0.9630 0.9815   0.494
2106 |  0.571  0.494  0.441  0.6111 0.9630 0.9815   0.494
2160 |  0.571  0.494  0.441  0.6111 0.9630 0.9815   0.494
2214 |  0.571  0.494  0.441  0.6111 0.9630 0.9815   0.494
2268 |  0.571  0.494  0.441  0.6111 0.9630 0.9815   0.494
2322 |  0.571  0.494  0.441  0.6111 0.9630 0.9815   0.494
2376 |  0.571  0.494  0.441  0.6111 0.9630 0.9815   0.494
2430 |  0.571  0.494  0.441  0.6111 0.9630 0.9815   0.494
2484 |  0.571  0.494  0.441  0.6111 0.9630 0.9815   0.494
2538 |  0.571  0.494  0.441  0.6111 0.9630 0.9815   0.494
2592 |  0.571  0.494  0.441  0.6111 0.9630 0.9815   0.494
2646 |  0.571  0.494  0.441  0.6111 0.9630 0.9815   0.494
 288 |  0.571  0.494  0.441  0.6111 0.9630 0.9815   0.494
#
