# Hydraprot_sorted/3qpa_A.pdb
# Protein CA rmsd=  0.000
#  N |   RMSD    Ave    Med   f<0.5  f<1.0  f<1.5
  73 |  5.398  3.723  1.581  0.4247 0.4795 0.4932   0.366
 146 |  2.191  1.235  0.371  0.6027 0.7260 0.7808   0.402
 219 |  1.874  1.030  0.371  0.6164 0.7671 0.8356   0.424
 292 |  1.061  0.663  0.367  0.6301 0.8219 0.9041   0.437
 365 |  0.940  0.606  0.367  0.6301 0.8356 0.9315   0.456
 438 |  0.940  0.606  0.367  0.6301 0.8356 0.9315   0.456
 511 |  0.940  0.606  0.367  0.6301 0.8356 0.9315   0.456
 584 |  0.940  0.606  0.367  0.6301 0.8356 0.9315   0.456
 657 |  0.940  0.606  0.367  0.6301 0.8356 0.9315   0.456
 730 |  0.940  0.606  0.367  0.6301 0.8356 0.9315   0.456
 803 |  0.940  0.606  0.367  0.6301 0.8356 0.9315   0.456
 876 |  0.940  0.606  0.367  0.6301 0.8356 0.9315   0.456
 949 |  0.940  0.606  0.367  0.6301 0.8356 0.9315   0.456
1022 |  0.940  0.606  0.367  0.6301 0.8356 0.9315   0.456
1095 |  0.940  0.606  0.367  0.6301 0.8356 0.9315   0.456
1168 |  0.940  0.606  0.367  0.6301 0.8356 0.9315   0.456
1241 |  0.940  0.606  0.367  0.6301 0.8356 0.9315   0.456
1314 |  0.940  0.606  0.367  0.6301 0.8356 0.9315   0.456
1387 |  0.940  0.606  0.367  0.6301 0.8356 0.9315   0.456
1460 |  0.940  0.606  0.367  0.6301 0.8356 0.9315   0.456
1533 |  0.940  0.606  0.367  0.6301 0.8356 0.9315   0.456
1606 |  0.940  0.606  0.367  0.6301 0.8356 0.9315   0.456
1679 |  0.940  0.606  0.367  0.6301 0.8356 0.9315   0.456
1752 |  0.940  0.606  0.367  0.6301 0.8356 0.9315   0.456
1825 |  0.940  0.606  0.367  0.6301 0.8356 0.9315   0.456
1898 |  0.940  0.606  0.367  0.6301 0.8356 0.9315   0.456
1971 |  0.940  0.606  0.367  0.6301 0.8356 0.9315   0.456
2044 |  0.940  0.606  0.367  0.6301 0.8356 0.9315   0.456
2117 |  0.940  0.606  0.367  0.6301 0.8356 0.9315   0.456
2190 |  0.940  0.606  0.367  0.6301 0.8356 0.9315   0.456
2263 |  0.940  0.606  0.367  0.6301 0.8356 0.9315   0.456
2336 |  0.940  0.606  0.367  0.6301 0.8356 0.9315   0.456
2409 |  0.940  0.606  0.367  0.6301 0.8356 0.9315   0.456
2482 |  0.940  0.606  0.367  0.6301 0.8356 0.9315   0.456
2555 |  0.940  0.606  0.367  0.6301 0.8356 0.9315   0.456
2628 |  0.940  0.606  0.367  0.6301 0.8356 0.9315   0.456
2701 |  0.940  0.606  0.367  0.6301 0.8356 0.9315   0.456
2774 |  0.940  0.606  0.367  0.6301 0.8356 0.9315   0.456
2847 |  0.940  0.606  0.367  0.6301 0.8356 0.9315   0.456
2920 |  0.940  0.606  0.367  0.6301 0.8356 0.9315   0.456
2993 |  0.940  0.606  0.367  0.6301 0.8356 0.9315   0.456
3066 |  0.940  0.606  0.367  0.6301 0.8356 0.9315   0.456
3139 |  0.940  0.606  0.367  0.6301 0.8356 0.9315   0.456
3212 |  0.940  0.606  0.367  0.6301 0.8356 0.9315   0.456
3285 |  0.940  0.606  0.367  0.6301 0.8356 0.9315   0.456
3358 |  0.940  0.606  0.367  0.6301 0.8356 0.9315   0.456
3431 |  0.940  0.606  0.367  0.6301 0.8356 0.9315   0.456
3504 |  0.940  0.606  0.367  0.6301 0.8356 0.9315   0.456
3577 |  0.940  0.606  0.367  0.6301 0.8356 0.9315   0.456
 370 |  0.940  0.606  0.367  0.6301 0.8356 0.9315   0.456
#
