# Hydraprot_sorted/3qr7_A.pdb
# Protein CA rmsd=  0.000
#  N |   RMSD    Ave    Med   f<0.5  f<1.0  f<1.5
  20 |  6.319  4.818  5.111  0.3500 0.4000 0.4000   0.269
  40 |  4.675  3.034  0.591  0.5000 0.5500 0.6000   0.354
  60 |  3.671  2.269  0.425  0.5500 0.6000 0.6500   0.342
  80 |  3.370  2.148  0.425  0.5500 0.6000 0.6500   0.342
 100 |  2.552  1.532  0.425  0.5500 0.7000 0.7500   0.408
 120 |  1.742  1.040  0.425  0.5500 0.7500 0.8500   0.489
 140 |  1.284  0.736  0.321  0.6000 0.8000 0.9500   0.511
 160 |  1.284  0.736  0.321  0.6000 0.8000 0.9500   0.511
 180 |  0.678  0.543  0.321  0.6000 0.8000 1.0000   0.543
 200 |  0.678  0.543  0.321  0.6000 0.8000 1.0000   0.543
 220 |  0.678  0.543  0.321  0.6000 0.8000 1.0000   0.543
 240 |  0.678  0.543  0.321  0.6000 0.8000 1.0000   0.543
 260 |  0.678  0.543  0.321  0.6000 0.8000 1.0000   0.543
 280 |  0.678  0.543  0.321  0.6000 0.8000 1.0000   0.543
 300 |  0.678  0.543  0.321  0.6000 0.8000 1.0000   0.543
 320 |  0.678  0.543  0.321  0.6000 0.8000 1.0000   0.543
 340 |  0.678  0.543  0.321  0.6000 0.8000 1.0000   0.543
 360 |  0.678  0.543  0.321  0.6000 0.8000 1.0000   0.543
 380 |  0.678  0.543  0.321  0.6000 0.8000 1.0000   0.543
 400 |  0.678  0.543  0.321  0.6000 0.8000 1.0000   0.543
 420 |  0.678  0.543  0.321  0.6000 0.8000 1.0000   0.543
 440 |  0.678  0.543  0.321  0.6000 0.8000 1.0000   0.543
 460 |  0.678  0.543  0.321  0.6000 0.8000 1.0000   0.543
 480 |  0.678  0.543  0.321  0.6000 0.8000 1.0000   0.543
 500 |  0.678  0.543  0.321  0.6000 0.8000 1.0000   0.543
 520 |  0.678  0.543  0.321  0.6000 0.8000 1.0000   0.543
 540 |  0.678  0.543  0.321  0.6000 0.8000 1.0000   0.543
 560 |  0.678  0.543  0.321  0.6000 0.8000 1.0000   0.543
 580 |  0.678  0.543  0.321  0.6000 0.8000 1.0000   0.543
 600 |  0.678  0.543  0.321  0.6000 0.8000 1.0000   0.543
 620 |  0.678  0.543  0.321  0.6000 0.8000 1.0000   0.543
 640 |  0.678  0.543  0.321  0.6000 0.8000 1.0000   0.543
 660 |  0.678  0.543  0.321  0.6000 0.8000 1.0000   0.543
 680 |  0.678  0.543  0.321  0.6000 0.8000 1.0000   0.543
 700 |  0.678  0.543  0.321  0.6000 0.8000 1.0000   0.543
 720 |  0.678  0.543  0.321  0.6000 0.8000 1.0000   0.543
 740 |  0.678  0.543  0.321  0.6000 0.8000 1.0000   0.543
 760 |  0.678  0.543  0.321  0.6000 0.8000 1.0000   0.543
 780 |  0.678  0.543  0.321  0.6000 0.8000 1.0000   0.543
 800 |  0.678  0.543  0.321  0.6000 0.8000 1.0000   0.543
 820 |  0.678  0.543  0.321  0.6000 0.8000 1.0000   0.543
 840 |  0.678  0.543  0.321  0.6000 0.8000 1.0000   0.543
 860 |  0.678  0.543  0.321  0.6000 0.8000 1.0000   0.543
 880 |  0.678  0.543  0.321  0.6000 0.8000 1.0000   0.543
 900 |  0.678  0.543  0.321  0.6000 0.8000 1.0000   0.543
 920 |  0.678  0.543  0.321  0.6000 0.8000 1.0000   0.543
 940 |  0.678  0.543  0.321  0.6000 0.8000 1.0000   0.543
 960 |  0.678  0.543  0.321  0.6000 0.8000 1.0000   0.543
 980 |  0.678  0.543  0.321  0.6000 0.8000 1.0000   0.543
 211 |  0.678  0.543  0.321  0.6000 0.8000 1.0000   0.543
#
