# Hydraprot_sorted/3rwn_A.pdb
# Protein CA rmsd=  0.000
#  N |   RMSD    Ave    Med   f<0.5  f<1.0  f<1.5
  58 |  5.869  4.555  4.874  0.2931 0.3621 0.3621   0.305
 116 |  3.505  2.365  0.618  0.4483 0.5517 0.5690   0.378
 174 |  2.004  1.253  0.480  0.5172 0.6724 0.7414   0.484
 232 |  1.269  0.813  0.382  0.5517 0.7586 0.8448   0.493
 290 |  0.904  0.632  0.369  0.5690 0.8103 0.8966   0.519
 348 |  0.798  0.580  0.369  0.5690 0.8448 0.9310   0.507
 406 |  0.798  0.580  0.369  0.5690 0.8448 0.9310   0.507
 464 |  0.798  0.580  0.369  0.5690 0.8448 0.9310   0.507
 522 |  0.798  0.580  0.369  0.5690 0.8448 0.9310   0.507
 580 |  0.798  0.580  0.369  0.5690 0.8448 0.9310   0.507
 638 |  0.798  0.580  0.369  0.5690 0.8448 0.9310   0.507
 696 |  0.798  0.580  0.369  0.5690 0.8448 0.9310   0.507
 754 |  0.798  0.580  0.369  0.5690 0.8448 0.9310   0.507
 812 |  0.798  0.580  0.369  0.5690 0.8448 0.9310   0.507
 870 |  0.798  0.580  0.369  0.5690 0.8448 0.9310   0.507
 928 |  0.798  0.580  0.369  0.5690 0.8448 0.9310   0.507
 986 |  0.798  0.580  0.369  0.5690 0.8448 0.9310   0.507
1044 |  0.798  0.580  0.369  0.5690 0.8448 0.9310   0.507
1102 |  0.798  0.580  0.369  0.5690 0.8448 0.9310   0.507
1160 |  0.798  0.580  0.369  0.5690 0.8448 0.9310   0.507
1218 |  0.798  0.580  0.369  0.5690 0.8448 0.9310   0.507
1276 |  0.798  0.580  0.369  0.5690 0.8448 0.9310   0.507
1334 |  0.798  0.580  0.369  0.5690 0.8448 0.9310   0.507
1392 |  0.798  0.580  0.369  0.5690 0.8448 0.9310   0.507
1450 |  0.798  0.580  0.369  0.5690 0.8448 0.9310   0.507
1508 |  0.798  0.580  0.369  0.5690 0.8448 0.9310   0.507
1566 |  0.798  0.580  0.369  0.5690 0.8448 0.9310   0.507
1624 |  0.798  0.580  0.369  0.5690 0.8448 0.9310   0.507
1682 |  0.798  0.580  0.369  0.5690 0.8448 0.9310   0.507
1740 |  0.798  0.580  0.369  0.5690 0.8448 0.9310   0.507
1798 |  0.798  0.580  0.369  0.5690 0.8448 0.9310   0.507
1856 |  0.798  0.580  0.369  0.5690 0.8448 0.9310   0.507
1914 |  0.798  0.580  0.369  0.5690 0.8448 0.9310   0.507
1972 |  0.798  0.580  0.369  0.5690 0.8448 0.9310   0.507
2030 |  0.798  0.580  0.369  0.5690 0.8448 0.9310   0.507
2088 |  0.798  0.580  0.369  0.5690 0.8448 0.9310   0.507
2146 |  0.798  0.580  0.369  0.5690 0.8448 0.9310   0.507
2204 |  0.798  0.580  0.369  0.5690 0.8448 0.9310   0.507
2262 |  0.798  0.580  0.369  0.5690 0.8448 0.9310   0.507
2320 |  0.798  0.580  0.369  0.5690 0.8448 0.9310   0.507
2378 |  0.798  0.580  0.369  0.5690 0.8448 0.9310   0.507
2436 |  0.798  0.580  0.369  0.5690 0.8448 0.9310   0.507
2494 |  0.798  0.580  0.369  0.5690 0.8448 0.9310   0.507
2552 |  0.798  0.580  0.369  0.5690 0.8448 0.9310   0.507
2610 |  0.798  0.580  0.369  0.5690 0.8448 0.9310   0.507
2668 |  0.798  0.580  0.369  0.5690 0.8448 0.9310   0.507
2726 |  0.798  0.580  0.369  0.5690 0.8448 0.9310   0.507
2784 |  0.798  0.580  0.369  0.5690 0.8448 0.9310   0.507
2842 |  0.798  0.580  0.369  0.5690 0.8448 0.9310   0.507
 325 |  0.798  0.580  0.369  0.5690 0.8448 0.9310   0.507
#
