# Hydraprot_sorted/3soj_A.pdb
# Protein CA rmsd=  0.000
#  N |   RMSD    Ave    Med   f<0.5  f<1.0  f<1.5
  41 |  6.090  4.763  5.176  0.2683 0.3171 0.3415   0.514
  82 |  2.839  1.679  0.445  0.5122 0.7073 0.7317   0.481
 123 |  1.333  0.792  0.428  0.5854 0.8537 0.9024   0.509
 164 |  0.827  0.591  0.417  0.6098 0.8780 0.9512   0.523
 205 |  0.827  0.591  0.417  0.6098 0.8780 0.9512   0.523
 246 |  0.667  0.537  0.417  0.6098 0.8780 0.9756   0.537
 287 |  0.667  0.537  0.417  0.6098 0.8780 0.9756   0.537
 328 |  0.667  0.537  0.417  0.6098 0.8780 0.9756   0.537
 369 |  0.667  0.537  0.417  0.6098 0.8780 0.9756   0.537
 410 |  0.667  0.537  0.417  0.6098 0.8780 0.9756   0.537
 451 |  0.667  0.537  0.417  0.6098 0.8780 0.9756   0.537
 492 |  0.667  0.537  0.417  0.6098 0.8780 0.9756   0.537
 533 |  0.667  0.537  0.417  0.6098 0.8780 0.9756   0.537
 574 |  0.667  0.537  0.417  0.6098 0.8780 0.9756   0.537
 615 |  0.667  0.537  0.417  0.6098 0.8780 0.9756   0.537
 656 |  0.667  0.537  0.417  0.6098 0.8780 0.9756   0.537
 697 |  0.667  0.537  0.417  0.6098 0.8780 0.9756   0.537
 738 |  0.667  0.537  0.417  0.6098 0.8780 0.9756   0.537
 779 |  0.667  0.537  0.417  0.6098 0.8780 0.9756   0.537
 820 |  0.667  0.537  0.417  0.6098 0.8780 0.9756   0.537
 861 |  0.667  0.537  0.417  0.6098 0.8780 0.9756   0.537
 902 |  0.667  0.537  0.417  0.6098 0.8780 0.9756   0.537
 943 |  0.667  0.537  0.417  0.6098 0.8780 0.9756   0.537
 984 |  0.667  0.537  0.417  0.6098 0.8780 0.9756   0.537
1025 |  0.667  0.537  0.417  0.6098 0.8780 0.9756   0.537
1066 |  0.667  0.537  0.417  0.6098 0.8780 0.9756   0.537
1107 |  0.667  0.537  0.417  0.6098 0.8780 0.9756   0.537
1148 |  0.667  0.537  0.417  0.6098 0.8780 0.9756   0.537
1189 |  0.667  0.537  0.417  0.6098 0.8780 0.9756   0.537
1230 |  0.667  0.537  0.417  0.6098 0.8780 0.9756   0.537
1271 |  0.667  0.537  0.417  0.6098 0.8780 0.9756   0.537
1312 |  0.667  0.537  0.417  0.6098 0.8780 0.9756   0.537
1353 |  0.667  0.537  0.417  0.6098 0.8780 0.9756   0.537
1394 |  0.667  0.537  0.417  0.6098 0.8780 0.9756   0.537
1435 |  0.667  0.537  0.417  0.6098 0.8780 0.9756   0.537
1476 |  0.667  0.537  0.417  0.6098 0.8780 0.9756   0.537
1517 |  0.667  0.537  0.417  0.6098 0.8780 0.9756   0.537
1558 |  0.667  0.537  0.417  0.6098 0.8780 0.9756   0.537
1599 |  0.667  0.537  0.417  0.6098 0.8780 0.9756   0.537
1640 |  0.667  0.537  0.417  0.6098 0.8780 0.9756   0.537
1681 |  0.667  0.537  0.417  0.6098 0.8780 0.9756   0.537
1722 |  0.667  0.537  0.417  0.6098 0.8780 0.9756   0.537
1763 |  0.667  0.537  0.417  0.6098 0.8780 0.9756   0.537
1804 |  0.667  0.537  0.417  0.6098 0.8780 0.9756   0.537
1845 |  0.667  0.537  0.417  0.6098 0.8780 0.9756   0.537
1886 |  0.667  0.537  0.417  0.6098 0.8780 0.9756   0.537
1927 |  0.667  0.537  0.417  0.6098 0.8780 0.9756   0.537
1968 |  0.667  0.537  0.417  0.6098 0.8780 0.9756   0.537
2009 |  0.667  0.537  0.417  0.6098 0.8780 0.9756   0.537
 238 |  0.667  0.537  0.417  0.6098 0.8780 0.9756   0.537
#
