# Hydraprot_sorted/3vii_A.pdb
# Protein CA rmsd=  0.000
#  N |   RMSD    Ave    Med   f<0.5  f<1.0  f<1.5
 197 |  4.621  2.942  0.485  0.5025 0.5635 0.5787   0.344
 394 |  1.705  0.990  0.326  0.6396 0.7716 0.7919   0.381
 591 |  1.043  0.636  0.320  0.6802 0.8426 0.8934   0.421
 788 |  0.785  0.513  0.315  0.6904 0.8832 0.9442   0.435
 985 |  0.767  0.505  0.315  0.6904 0.8832 0.9492   0.438
1182 |  0.767  0.505  0.315  0.6904 0.8832 0.9492   0.438
1379 |  0.767  0.505  0.315  0.6904 0.8832 0.9492   0.438
1576 |  0.767  0.505  0.315  0.6904 0.8832 0.9492   0.438
1773 |  0.767  0.505  0.315  0.6904 0.8832 0.9492   0.438
1970 |  0.767  0.505  0.315  0.6904 0.8832 0.9492   0.438
2167 |  0.767  0.505  0.315  0.6904 0.8832 0.9492   0.438
2364 |  0.767  0.505  0.315  0.6904 0.8832 0.9492   0.438
2561 |  0.767  0.505  0.315  0.6904 0.8832 0.9492   0.438
2758 |  0.767  0.505  0.315  0.6904 0.8832 0.9492   0.438
2955 |  0.767  0.505  0.315  0.6904 0.8832 0.9492   0.438
3152 |  0.767  0.505  0.315  0.6904 0.8832 0.9492   0.438
3349 |  0.767  0.505  0.315  0.6904 0.8832 0.9492   0.438
3546 |  0.767  0.505  0.315  0.6904 0.8832 0.9492   0.438
3743 |  0.767  0.505  0.315  0.6904 0.8832 0.9492   0.438
3940 |  0.767  0.505  0.315  0.6904 0.8832 0.9492   0.438
4137 |  0.767  0.505  0.315  0.6904 0.8832 0.9492   0.438
4334 |  0.767  0.505  0.315  0.6904 0.8832 0.9492   0.438
4531 |  0.767  0.505  0.315  0.6904 0.8832 0.9492   0.438
4728 |  0.767  0.505  0.315  0.6904 0.8832 0.9492   0.438
4925 |  0.767  0.505  0.315  0.6904 0.8832 0.9492   0.438
5122 |  0.767  0.505  0.315  0.6904 0.8832 0.9492   0.438
5319 |  0.767  0.505  0.315  0.6904 0.8832 0.9492   0.438
5516 |  0.767  0.505  0.315  0.6904 0.8832 0.9492   0.438
5713 |  0.767  0.505  0.315  0.6904 0.8832 0.9492   0.438
5910 |  0.767  0.505  0.315  0.6904 0.8832 0.9492   0.438
6107 |  0.767  0.505  0.315  0.6904 0.8832 0.9492   0.438
6304 |  0.767  0.505  0.315  0.6904 0.8832 0.9492   0.438
6501 |  0.767  0.505  0.315  0.6904 0.8832 0.9492   0.438
6698 |  0.767  0.505  0.315  0.6904 0.8832 0.9492   0.438
6895 |  0.767  0.505  0.315  0.6904 0.8832 0.9492   0.438
7092 |  0.767  0.505  0.315  0.6904 0.8832 0.9492   0.438
7289 |  0.767  0.505  0.315  0.6904 0.8832 0.9492   0.438
7486 |  0.767  0.505  0.315  0.6904 0.8832 0.9492   0.438
7683 |  0.767  0.505  0.315  0.6904 0.8832 0.9492   0.438
7880 |  0.767  0.505  0.315  0.6904 0.8832 0.9492   0.438
8077 |  0.767  0.505  0.315  0.6904 0.8832 0.9492   0.438
8274 |  0.767  0.505  0.315  0.6904 0.8832 0.9492   0.438
8471 |  0.767  0.505  0.315  0.6904 0.8832 0.9492   0.438
8668 |  0.767  0.505  0.315  0.6904 0.8832 0.9492   0.438
8865 |  0.767  0.505  0.315  0.6904 0.8832 0.9492   0.438
9062 |  0.767  0.505  0.315  0.6904 0.8832 0.9492   0.438
9259 |  0.767  0.505  0.315  0.6904 0.8832 0.9492   0.438
9456 |  0.767  0.505  0.315  0.6904 0.8832 0.9492   0.438
9653 |  0.767  0.505  0.315  0.6904 0.8832 0.9492   0.438
 829 |  0.767  0.505  0.315  0.6904 0.8832 0.9492   0.438
#
