# Hydraprot_sorted/3vla_A.pdb
# Protein CA rmsd=  0.000
#  N |   RMSD    Ave    Med   f<0.5  f<1.0  f<1.5
 177 |  4.739  3.001  0.538  0.4915 0.5593 0.5932   0.337
 354 |  2.140  1.152  0.355  0.6328 0.7627 0.7966   0.384
 531 |  1.185  0.660  0.311  0.6893 0.8418 0.8983   0.424
 708 |  0.761  0.506  0.302  0.7006 0.8814 0.9492   0.435
 885 |  0.695  0.487  0.302  0.7006 0.8814 0.9548   0.439
1062 |  0.695  0.487  0.302  0.7006 0.8814 0.9548   0.439
1239 |  0.695  0.487  0.302  0.7006 0.8814 0.9548   0.439
1416 |  0.695  0.487  0.302  0.7006 0.8814 0.9548   0.439
1593 |  0.695  0.487  0.302  0.7006 0.8814 0.9548   0.439
1770 |  0.695  0.487  0.302  0.7006 0.8814 0.9548   0.439
1947 |  0.695  0.487  0.302  0.7006 0.8814 0.9548   0.439
2124 |  0.695  0.487  0.302  0.7006 0.8814 0.9548   0.439
2301 |  0.695  0.487  0.302  0.7006 0.8814 0.9548   0.439
2478 |  0.695  0.487  0.302  0.7006 0.8814 0.9548   0.439
2655 |  0.695  0.487  0.302  0.7006 0.8814 0.9548   0.439
2832 |  0.695  0.487  0.302  0.7006 0.8814 0.9548   0.439
3009 |  0.695  0.487  0.302  0.7006 0.8814 0.9548   0.439
3186 |  0.695  0.487  0.302  0.7006 0.8814 0.9548   0.439
3363 |  0.695  0.487  0.302  0.7006 0.8814 0.9548   0.439
3540 |  0.695  0.487  0.302  0.7006 0.8814 0.9548   0.439
3717 |  0.695  0.487  0.302  0.7006 0.8814 0.9548   0.439
3894 |  0.695  0.487  0.302  0.7006 0.8814 0.9548   0.439
4071 |  0.695  0.487  0.302  0.7006 0.8814 0.9548   0.439
4248 |  0.695  0.487  0.302  0.7006 0.8814 0.9548   0.439
4425 |  0.695  0.487  0.302  0.7006 0.8814 0.9548   0.439
4602 |  0.695  0.487  0.302  0.7006 0.8814 0.9548   0.439
4779 |  0.695  0.487  0.302  0.7006 0.8814 0.9548   0.439
4956 |  0.695  0.487  0.302  0.7006 0.8814 0.9548   0.439
5133 |  0.695  0.487  0.302  0.7006 0.8814 0.9548   0.439
5310 |  0.695  0.487  0.302  0.7006 0.8814 0.9548   0.439
5487 |  0.695  0.487  0.302  0.7006 0.8814 0.9548   0.439
5664 |  0.695  0.487  0.302  0.7006 0.8814 0.9548   0.439
5841 |  0.695  0.487  0.302  0.7006 0.8814 0.9548   0.439
6018 |  0.695  0.487  0.302  0.7006 0.8814 0.9548   0.439
6195 |  0.695  0.487  0.302  0.7006 0.8814 0.9548   0.439
6372 |  0.695  0.487  0.302  0.7006 0.8814 0.9548   0.439
6549 |  0.695  0.487  0.302  0.7006 0.8814 0.9548   0.439
6726 |  0.695  0.487  0.302  0.7006 0.8814 0.9548   0.439
6903 |  0.695  0.487  0.302  0.7006 0.8814 0.9548   0.439
7080 |  0.695  0.487  0.302  0.7006 0.8814 0.9548   0.439
7257 |  0.695  0.487  0.302  0.7006 0.8814 0.9548   0.439
7434 |  0.695  0.487  0.302  0.7006 0.8814 0.9548   0.439
7611 |  0.695  0.487  0.302  0.7006 0.8814 0.9548   0.439
7788 |  0.695  0.487  0.302  0.7006 0.8814 0.9548   0.439
7965 |  0.695  0.487  0.302  0.7006 0.8814 0.9548   0.439
8142 |  0.695  0.487  0.302  0.7006 0.8814 0.9548   0.439
8319 |  0.695  0.487  0.302  0.7006 0.8814 0.9548   0.439
8496 |  0.695  0.487  0.302  0.7006 0.8814 0.9548   0.439
8673 |  0.695  0.487  0.302  0.7006 0.8814 0.9548   0.439
 781 |  0.695  0.487  0.302  0.7006 0.8814 0.9548   0.439
#
