# Hydraprot_sorted/3vor_A.pdb
# Protein CA rmsd=  0.000
#  N |   RMSD    Ave    Med   f<0.5  f<1.0  f<1.5
  75 |  5.211  3.465  0.679  0.4133 0.5467 0.5600   0.396
 150 |  2.499  1.391  0.494  0.5200 0.7467 0.7867   0.486
 225 |  1.319  0.806  0.485  0.5467 0.8133 0.8800   0.503
 300 |  1.062  0.687  0.485  0.5600 0.8400 0.9200   0.517
 375 |  0.849  0.601  0.467  0.5733 0.8533 0.9467   0.528
 450 |  0.849  0.601  0.467  0.5733 0.8533 0.9467   0.528
 525 |  0.849  0.601  0.467  0.5733 0.8533 0.9467   0.528
 600 |  0.849  0.601  0.467  0.5733 0.8533 0.9467   0.528
 675 |  0.849  0.601  0.467  0.5733 0.8533 0.9467   0.528
 750 |  0.849  0.601  0.467  0.5733 0.8533 0.9467   0.528
 825 |  0.849  0.601  0.467  0.5733 0.8533 0.9467   0.528
 900 |  0.849  0.601  0.467  0.5733 0.8533 0.9467   0.528
 975 |  0.849  0.601  0.467  0.5733 0.8533 0.9467   0.528
1050 |  0.849  0.601  0.467  0.5733 0.8533 0.9467   0.528
1125 |  0.849  0.601  0.467  0.5733 0.8533 0.9467   0.528
1200 |  0.849  0.601  0.467  0.5733 0.8533 0.9467   0.528
1275 |  0.849  0.601  0.467  0.5733 0.8533 0.9467   0.528
1350 |  0.849  0.601  0.467  0.5733 0.8533 0.9467   0.528
1425 |  0.849  0.601  0.467  0.5733 0.8533 0.9467   0.528
1500 |  0.849  0.601  0.467  0.5733 0.8533 0.9467   0.528
1575 |  0.849  0.601  0.467  0.5733 0.8533 0.9467   0.528
1650 |  0.849  0.601  0.467  0.5733 0.8533 0.9467   0.528
1725 |  0.849  0.601  0.467  0.5733 0.8533 0.9467   0.528
1800 |  0.849  0.601  0.467  0.5733 0.8533 0.9467   0.528
1875 |  0.849  0.601  0.467  0.5733 0.8533 0.9467   0.528
1950 |  0.849  0.601  0.467  0.5733 0.8533 0.9467   0.528
2025 |  0.849  0.601  0.467  0.5733 0.8533 0.9467   0.528
2100 |  0.849  0.601  0.467  0.5733 0.8533 0.9467   0.528
2175 |  0.849  0.601  0.467  0.5733 0.8533 0.9467   0.528
2250 |  0.849  0.601  0.467  0.5733 0.8533 0.9467   0.528
2325 |  0.849  0.601  0.467  0.5733 0.8533 0.9467   0.528
2400 |  0.849  0.601  0.467  0.5733 0.8533 0.9467   0.528
2475 |  0.849  0.601  0.467  0.5733 0.8533 0.9467   0.528
2550 |  0.849  0.601  0.467  0.5733 0.8533 0.9467   0.528
2625 |  0.849  0.601  0.467  0.5733 0.8533 0.9467   0.528
2700 |  0.849  0.601  0.467  0.5733 0.8533 0.9467   0.528
2775 |  0.849  0.601  0.467  0.5733 0.8533 0.9467   0.528
2850 |  0.849  0.601  0.467  0.5733 0.8533 0.9467   0.528
2925 |  0.849  0.601  0.467  0.5733 0.8533 0.9467   0.528
3000 |  0.849  0.601  0.467  0.5733 0.8533 0.9467   0.528
3075 |  0.849  0.601  0.467  0.5733 0.8533 0.9467   0.528
3150 |  0.849  0.601  0.467  0.5733 0.8533 0.9467   0.528
3225 |  0.849  0.601  0.467  0.5733 0.8533 0.9467   0.528
3300 |  0.849  0.601  0.467  0.5733 0.8533 0.9467   0.528
3375 |  0.849  0.601  0.467  0.5733 0.8533 0.9467   0.528
3450 |  0.849  0.601  0.467  0.5733 0.8533 0.9467   0.528
3525 |  0.849  0.601  0.467  0.5733 0.8533 0.9467   0.528
3600 |  0.849  0.601  0.467  0.5733 0.8533 0.9467   0.528
3675 |  0.849  0.601  0.467  0.5733 0.8533 0.9467   0.528
 371 |  0.849  0.601  0.467  0.5733 0.8533 0.9467   0.528
#
