# Hydraprot_sorted/3wdn_A.pdb
# Protein CA rmsd=  0.000
#  N |   RMSD    Ave    Med   f<0.5  f<1.0  f<1.5
  37 |  5.613  4.064  2.906  0.3243 0.4054 0.4595   0.407
  74 |  3.233  2.110  0.671  0.4324 0.5405 0.6216   0.419
 111 |  2.706  1.634  0.472  0.5135 0.6216 0.7027   0.404
 148 |  1.950  1.113  0.333  0.5676 0.7027 0.8108   0.439
 185 |  1.356  0.868  0.333  0.5676 0.7297 0.8378   0.445
 222 |  1.199  0.783  0.333  0.5676 0.7568 0.8649   0.456
 259 |  1.131  0.748  0.333  0.5676 0.7568 0.8649   0.491
 296 |  1.038  0.684  0.333  0.5946 0.7838 0.8919   0.488
 333 |  1.038  0.684  0.333  0.5946 0.7838 0.8919   0.488
 370 |  1.038  0.684  0.333  0.5946 0.7838 0.8919   0.488
 407 |  1.038  0.684  0.333  0.5946 0.7838 0.8919   0.488
 444 |  1.038  0.684  0.333  0.5946 0.7838 0.8919   0.488
 481 |  1.038  0.684  0.333  0.5946 0.7838 0.8919   0.488
 518 |  1.038  0.684  0.333  0.5946 0.7838 0.8919   0.488
 555 |  1.038  0.684  0.333  0.5946 0.7838 0.8919   0.488
 592 |  1.038  0.684  0.333  0.5946 0.7838 0.8919   0.488
 629 |  1.038  0.684  0.333  0.5946 0.7838 0.8919   0.488
 666 |  1.038  0.684  0.333  0.5946 0.7838 0.8919   0.488
 703 |  1.038  0.684  0.333  0.5946 0.7838 0.8919   0.488
 740 |  1.038  0.684  0.333  0.5946 0.7838 0.8919   0.488
 777 |  1.038  0.684  0.333  0.5946 0.7838 0.8919   0.488
 814 |  1.038  0.684  0.333  0.5946 0.7838 0.8919   0.488
 851 |  1.038  0.684  0.333  0.5946 0.7838 0.8919   0.488
 888 |  1.038  0.684  0.333  0.5946 0.7838 0.8919   0.488
 925 |  1.038  0.684  0.333  0.5946 0.7838 0.8919   0.488
 962 |  1.038  0.684  0.333  0.5946 0.7838 0.8919   0.488
 999 |  1.038  0.684  0.333  0.5946 0.7838 0.8919   0.488
1036 |  1.038  0.684  0.333  0.5946 0.7838 0.8919   0.488
1073 |  1.038  0.684  0.333  0.5946 0.7838 0.8919   0.488
1110 |  1.038  0.684  0.333  0.5946 0.7838 0.8919   0.488
1147 |  1.038  0.684  0.333  0.5946 0.7838 0.8919   0.488
1184 |  1.038  0.684  0.333  0.5946 0.7838 0.8919   0.488
1221 |  1.038  0.684  0.333  0.5946 0.7838 0.8919   0.488
1258 |  1.038  0.684  0.333  0.5946 0.7838 0.8919   0.488
1295 |  1.038  0.684  0.333  0.5946 0.7838 0.8919   0.488
1332 |  1.038  0.684  0.333  0.5946 0.7838 0.8919   0.488
1369 |  1.038  0.684  0.333  0.5946 0.7838 0.8919   0.488
1406 |  1.038  0.684  0.333  0.5946 0.7838 0.8919   0.488
1443 |  1.038  0.684  0.333  0.5946 0.7838 0.8919   0.488
1480 |  1.038  0.684  0.333  0.5946 0.7838 0.8919   0.488
1517 |  1.038  0.684  0.333  0.5946 0.7838 0.8919   0.488
1554 |  1.038  0.684  0.333  0.5946 0.7838 0.8919   0.488
1591 |  1.038  0.684  0.333  0.5946 0.7838 0.8919   0.488
1628 |  1.038  0.684  0.333  0.5946 0.7838 0.8919   0.488
1665 |  1.038  0.684  0.333  0.5946 0.7838 0.8919   0.488
1702 |  1.038  0.684  0.333  0.5946 0.7838 0.8919   0.488
1739 |  1.038  0.684  0.333  0.5946 0.7838 0.8919   0.488
1776 |  1.038  0.684  0.333  0.5946 0.7838 0.8919   0.488
1813 |  1.038  0.684  0.333  0.5946 0.7838 0.8919   0.488
 274 |  1.038  0.684  0.333  0.5946 0.7838 0.8919   0.488
#
