# Hydraprot_sorted/3zuc_A.pdb
# Protein CA rmsd=  0.000
#  N |   RMSD    Ave    Med   f<0.5  f<1.0  f<1.5
  84 |  4.852  3.312  1.348  0.3929 0.4762 0.5119   0.408
 168 |  2.211  1.390  0.519  0.4881 0.6548 0.7262   0.516
 252 |  1.317  0.827  0.482  0.5238 0.7857 0.8810   0.547
 336 |  1.131  0.741  0.470  0.5357 0.8095 0.9048   0.549
 420 |  1.131  0.741  0.470  0.5357 0.8095 0.9048   0.549
 504 |  1.131  0.741  0.470  0.5357 0.8095 0.9048   0.549
 588 |  1.131  0.741  0.470  0.5357 0.8095 0.9048   0.549
 672 |  1.131  0.741  0.470  0.5357 0.8095 0.9048   0.549
 756 |  1.131  0.741  0.470  0.5357 0.8095 0.9048   0.549
 840 |  1.131  0.741  0.470  0.5357 0.8095 0.9048   0.549
 924 |  1.131  0.741  0.470  0.5357 0.8095 0.9048   0.549
1008 |  1.131  0.741  0.470  0.5357 0.8095 0.9048   0.549
1092 |  1.131  0.741  0.470  0.5357 0.8095 0.9048   0.549
1176 |  1.131  0.741  0.470  0.5357 0.8095 0.9048   0.549
1260 |  1.131  0.741  0.470  0.5357 0.8095 0.9048   0.549
1344 |  1.131  0.741  0.470  0.5357 0.8095 0.9048   0.549
1428 |  1.131  0.741  0.470  0.5357 0.8095 0.9048   0.549
1512 |  1.131  0.741  0.470  0.5357 0.8095 0.9048   0.549
1596 |  1.131  0.741  0.470  0.5357 0.8095 0.9048   0.549
1680 |  1.131  0.741  0.470  0.5357 0.8095 0.9048   0.549
1764 |  1.131  0.741  0.470  0.5357 0.8095 0.9048   0.549
1848 |  1.131  0.741  0.470  0.5357 0.8095 0.9048   0.549
1932 |  1.131  0.741  0.470  0.5357 0.8095 0.9048   0.549
2016 |  1.131  0.741  0.470  0.5357 0.8095 0.9048   0.549
2100 |  1.131  0.741  0.470  0.5357 0.8095 0.9048   0.549
2184 |  1.131  0.741  0.470  0.5357 0.8095 0.9048   0.549
2268 |  1.131  0.741  0.470  0.5357 0.8095 0.9048   0.549
2352 |  1.131  0.741  0.470  0.5357 0.8095 0.9048   0.549
2436 |  1.131  0.741  0.470  0.5357 0.8095 0.9048   0.549
2520 |  1.131  0.741  0.470  0.5357 0.8095 0.9048   0.549
2604 |  1.131  0.741  0.470  0.5357 0.8095 0.9048   0.549
2688 |  1.131  0.741  0.470  0.5357 0.8095 0.9048   0.549
2772 |  1.131  0.741  0.470  0.5357 0.8095 0.9048   0.549
2856 |  1.131  0.741  0.470  0.5357 0.8095 0.9048   0.549
2940 |  1.131  0.741  0.470  0.5357 0.8095 0.9048   0.549
3024 |  1.131  0.741  0.470  0.5357 0.8095 0.9048   0.549
3108 |  1.131  0.741  0.470  0.5357 0.8095 0.9048   0.549
3192 |  1.131  0.741  0.470  0.5357 0.8095 0.9048   0.549
3276 |  1.131  0.741  0.470  0.5357 0.8095 0.9048   0.549
3360 |  1.131  0.741  0.470  0.5357 0.8095 0.9048   0.549
3444 |  1.131  0.741  0.470  0.5357 0.8095 0.9048   0.549
3528 |  1.131  0.741  0.470  0.5357 0.8095 0.9048   0.549
3612 |  1.131  0.741  0.470  0.5357 0.8095 0.9048   0.549
3696 |  1.131  0.741  0.470  0.5357 0.8095 0.9048   0.549
3780 |  1.131  0.741  0.470  0.5357 0.8095 0.9048   0.549
3864 |  1.131  0.741  0.470  0.5357 0.8095 0.9048   0.549
3948 |  1.131  0.741  0.470  0.5357 0.8095 0.9048   0.549
4032 |  1.131  0.741  0.470  0.5357 0.8095 0.9048   0.549
4116 |  1.131  0.741  0.470  0.5357 0.8095 0.9048   0.549
 324 |  1.131  0.741  0.470  0.5357 0.8095 0.9048   0.549
#
