# Hydraprot_sorted/4a02_A.pdb
# Protein CA rmsd=  0.000
#  N |   RMSD    Ave    Med   f<0.5  f<1.0  f<1.5
  65 |  5.743  3.985  1.270  0.4000 0.4923 0.5077   0.334
 130 |  2.730  1.413  0.318  0.6308 0.7538 0.7692   0.348
 195 |  1.532  0.916  0.318  0.6308 0.7692 0.8154   0.389
 260 |  1.157  0.684  0.318  0.6462 0.8462 0.8923   0.412
 325 |  0.756  0.519  0.318  0.6769 0.8923 0.9385   0.421
 390 |  0.682  0.493  0.318  0.6769 0.8923 0.9538   0.433
 455 |  0.682  0.493  0.318  0.6769 0.8923 0.9538   0.433
 520 |  0.682  0.493  0.318  0.6769 0.8923 0.9538   0.433
 585 |  0.682  0.493  0.318  0.6769 0.8923 0.9538   0.433
 650 |  0.682  0.493  0.318  0.6769 0.8923 0.9538   0.433
 715 |  0.682  0.493  0.318  0.6769 0.8923 0.9538   0.433
 780 |  0.682  0.493  0.318  0.6769 0.8923 0.9538   0.433
 845 |  0.682  0.493  0.318  0.6769 0.8923 0.9538   0.433
 910 |  0.682  0.493  0.318  0.6769 0.8923 0.9538   0.433
 975 |  0.682  0.493  0.318  0.6769 0.8923 0.9538   0.433
1040 |  0.682  0.493  0.318  0.6769 0.8923 0.9538   0.433
1105 |  0.682  0.493  0.318  0.6769 0.8923 0.9538   0.433
1170 |  0.682  0.493  0.318  0.6769 0.8923 0.9538   0.433
1235 |  0.682  0.493  0.318  0.6769 0.8923 0.9538   0.433
1300 |  0.682  0.493  0.318  0.6769 0.8923 0.9538   0.433
1365 |  0.682  0.493  0.318  0.6769 0.8923 0.9538   0.433
1430 |  0.682  0.493  0.318  0.6769 0.8923 0.9538   0.433
1495 |  0.682  0.493  0.318  0.6769 0.8923 0.9538   0.433
1560 |  0.682  0.493  0.318  0.6769 0.8923 0.9538   0.433
1625 |  0.682  0.493  0.318  0.6769 0.8923 0.9538   0.433
1690 |  0.682  0.493  0.318  0.6769 0.8923 0.9538   0.433
1755 |  0.682  0.493  0.318  0.6769 0.8923 0.9538   0.433
1820 |  0.682  0.493  0.318  0.6769 0.8923 0.9538   0.433
1885 |  0.682  0.493  0.318  0.6769 0.8923 0.9538   0.433
1950 |  0.682  0.493  0.318  0.6769 0.8923 0.9538   0.433
2015 |  0.682  0.493  0.318  0.6769 0.8923 0.9538   0.433
2080 |  0.682  0.493  0.318  0.6769 0.8923 0.9538   0.433
2145 |  0.682  0.493  0.318  0.6769 0.8923 0.9538   0.433
2210 |  0.682  0.493  0.318  0.6769 0.8923 0.9538   0.433
2275 |  0.682  0.493  0.318  0.6769 0.8923 0.9538   0.433
2340 |  0.682  0.493  0.318  0.6769 0.8923 0.9538   0.433
2405 |  0.682  0.493  0.318  0.6769 0.8923 0.9538   0.433
2470 |  0.682  0.493  0.318  0.6769 0.8923 0.9538   0.433
2535 |  0.682  0.493  0.318  0.6769 0.8923 0.9538   0.433
2600 |  0.682  0.493  0.318  0.6769 0.8923 0.9538   0.433
2665 |  0.682  0.493  0.318  0.6769 0.8923 0.9538   0.433
2730 |  0.682  0.493  0.318  0.6769 0.8923 0.9538   0.433
2795 |  0.682  0.493  0.318  0.6769 0.8923 0.9538   0.433
2860 |  0.682  0.493  0.318  0.6769 0.8923 0.9538   0.433
2925 |  0.682  0.493  0.318  0.6769 0.8923 0.9538   0.433
2990 |  0.682  0.493  0.318  0.6769 0.8923 0.9538   0.433
3055 |  0.682  0.493  0.318  0.6769 0.8923 0.9538   0.433
3120 |  0.682  0.493  0.318  0.6769 0.8923 0.9538   0.433
3185 |  0.682  0.493  0.318  0.6769 0.8923 0.9538   0.433
 345 |  0.682  0.493  0.318  0.6769 0.8923 0.9538   0.433
#
