# Hydraprot_sorted/4a7u_A.pdb
# Protein CA rmsd=  0.000
#  N |   RMSD    Ave    Med   f<0.5  f<1.0  f<1.5
  52 |  5.027  3.123  0.447  0.5577 0.6346 0.6346   0.368
 104 |  2.420  1.324  0.348  0.6346 0.7500 0.7692   0.393
 156 |  1.760  0.980  0.348  0.6538 0.7885 0.8077   0.431
 208 |  1.406  0.844  0.348  0.6538 0.8077 0.8269   0.436
 260 |  1.199  0.715  0.348  0.6731 0.8462 0.8654   0.467
 312 |  1.001  0.625  0.348  0.6731 0.8654 0.9038   0.494
 364 |  1.001  0.625  0.348  0.6731 0.8654 0.9038   0.494
 416 |  1.001  0.625  0.348  0.6731 0.8654 0.9038   0.494
 468 |  1.001  0.625  0.348  0.6731 0.8654 0.9038   0.494
 520 |  1.001  0.625  0.348  0.6731 0.8654 0.9038   0.494
 572 |  1.001  0.625  0.348  0.6731 0.8654 0.9038   0.494
 624 |  1.001  0.625  0.348  0.6731 0.8654 0.9038   0.494
 676 |  1.001  0.625  0.348  0.6731 0.8654 0.9038   0.494
 728 |  1.001  0.625  0.348  0.6731 0.8654 0.9038   0.494
 780 |  1.001  0.625  0.348  0.6731 0.8654 0.9038   0.494
 832 |  1.001  0.625  0.348  0.6731 0.8654 0.9038   0.494
 884 |  1.001  0.625  0.348  0.6731 0.8654 0.9038   0.494
 936 |  1.001  0.625  0.348  0.6731 0.8654 0.9038   0.494
 988 |  1.001  0.625  0.348  0.6731 0.8654 0.9038   0.494
1040 |  1.001  0.625  0.348  0.6731 0.8654 0.9038   0.494
1092 |  1.001  0.625  0.348  0.6731 0.8654 0.9038   0.494
1144 |  1.001  0.625  0.348  0.6731 0.8654 0.9038   0.494
1196 |  1.001  0.625  0.348  0.6731 0.8654 0.9038   0.494
1248 |  1.001  0.625  0.348  0.6731 0.8654 0.9038   0.494
1300 |  1.001  0.625  0.348  0.6731 0.8654 0.9038   0.494
1352 |  1.001  0.625  0.348  0.6731 0.8654 0.9038   0.494
1404 |  1.001  0.625  0.348  0.6731 0.8654 0.9038   0.494
1456 |  1.001  0.625  0.348  0.6731 0.8654 0.9038   0.494
1508 |  1.001  0.625  0.348  0.6731 0.8654 0.9038   0.494
1560 |  1.001  0.625  0.348  0.6731 0.8654 0.9038   0.494
1612 |  1.001  0.625  0.348  0.6731 0.8654 0.9038   0.494
1664 |  1.001  0.625  0.348  0.6731 0.8654 0.9038   0.494
1716 |  1.001  0.625  0.348  0.6731 0.8654 0.9038   0.494
1768 |  1.001  0.625  0.348  0.6731 0.8654 0.9038   0.494
1820 |  1.001  0.625  0.348  0.6731 0.8654 0.9038   0.494
1872 |  1.001  0.625  0.348  0.6731 0.8654 0.9038   0.494
1924 |  1.001  0.625  0.348  0.6731 0.8654 0.9038   0.494
1976 |  1.001  0.625  0.348  0.6731 0.8654 0.9038   0.494
2028 |  1.001  0.625  0.348  0.6731 0.8654 0.9038   0.494
2080 |  1.001  0.625  0.348  0.6731 0.8654 0.9038   0.494
2132 |  1.001  0.625  0.348  0.6731 0.8654 0.9038   0.494
2184 |  1.001  0.625  0.348  0.6731 0.8654 0.9038   0.494
2236 |  1.001  0.625  0.348  0.6731 0.8654 0.9038   0.494
2288 |  1.001  0.625  0.348  0.6731 0.8654 0.9038   0.494
2340 |  1.001  0.625  0.348  0.6731 0.8654 0.9038   0.494
2392 |  1.001  0.625  0.348  0.6731 0.8654 0.9038   0.494
2444 |  1.001  0.625  0.348  0.6731 0.8654 0.9038   0.494
2496 |  1.001  0.625  0.348  0.6731 0.8654 0.9038   0.494
2548 |  1.001  0.625  0.348  0.6731 0.8654 0.9038   0.494
 311 |  1.001  0.625  0.348  0.6731 0.8654 0.9038   0.494
#
