# Hydraprot_sorted/4bj0_A.pdb
# Protein CA rmsd=  0.000
#  N |   RMSD    Ave    Med   f<0.5  f<1.0  f<1.5
  73 |  4.994  3.154  0.491  0.5068 0.5616 0.5753   0.410
 146 |  2.231  1.331  0.420  0.5616 0.7123 0.7534   0.417
 219 |  1.339  0.837  0.409  0.6027 0.7534 0.8219   0.492
 292 |  1.148  0.759  0.409  0.6027 0.7534 0.8356   0.523
 365 |  1.024  0.685  0.409  0.6164 0.7808 0.8630   0.542
 438 |  1.024  0.685  0.409  0.6164 0.7808 0.8630   0.542
 511 |  1.024  0.685  0.409  0.6164 0.7808 0.8630   0.542
 584 |  1.024  0.685  0.409  0.6164 0.7808 0.8630   0.542
 657 |  1.024  0.685  0.409  0.6164 0.7808 0.8630   0.542
 730 |  1.024  0.685  0.409  0.6164 0.7808 0.8630   0.542
 803 |  1.024  0.685  0.409  0.6164 0.7808 0.8630   0.542
 876 |  1.024  0.685  0.409  0.6164 0.7808 0.8630   0.542
 949 |  1.024  0.685  0.409  0.6164 0.7808 0.8630   0.542
1022 |  1.024  0.685  0.409  0.6164 0.7808 0.8630   0.542
1095 |  1.024  0.685  0.409  0.6164 0.7808 0.8630   0.542
1168 |  1.024  0.685  0.409  0.6164 0.7808 0.8630   0.542
1241 |  1.024  0.685  0.409  0.6164 0.7808 0.8630   0.542
1314 |  1.024  0.685  0.409  0.6164 0.7808 0.8630   0.542
1387 |  1.024  0.685  0.409  0.6164 0.7808 0.8630   0.542
1460 |  1.024  0.685  0.409  0.6164 0.7808 0.8630   0.542
1533 |  1.024  0.685  0.409  0.6164 0.7808 0.8630   0.542
1606 |  1.024  0.685  0.409  0.6164 0.7808 0.8630   0.542
1679 |  1.024  0.685  0.409  0.6164 0.7808 0.8630   0.542
1752 |  1.024  0.685  0.409  0.6164 0.7808 0.8630   0.542
1825 |  1.024  0.685  0.409  0.6164 0.7808 0.8630   0.542
1898 |  1.024  0.685  0.409  0.6164 0.7808 0.8630   0.542
1971 |  1.024  0.685  0.409  0.6164 0.7808 0.8630   0.542
2044 |  1.024  0.685  0.409  0.6164 0.7808 0.8630   0.542
2117 |  1.024  0.685  0.409  0.6164 0.7808 0.8630   0.542
2190 |  1.024  0.685  0.409  0.6164 0.7808 0.8630   0.542
2263 |  1.024  0.685  0.409  0.6164 0.7808 0.8630   0.542
2336 |  1.024  0.685  0.409  0.6164 0.7808 0.8630   0.542
2409 |  1.024  0.685  0.409  0.6164 0.7808 0.8630   0.542
2482 |  1.024  0.685  0.409  0.6164 0.7808 0.8630   0.542
2555 |  1.024  0.685  0.409  0.6164 0.7808 0.8630   0.542
2628 |  1.024  0.685  0.409  0.6164 0.7808 0.8630   0.542
2701 |  1.024  0.685  0.409  0.6164 0.7808 0.8630   0.542
2774 |  1.024  0.685  0.409  0.6164 0.7808 0.8630   0.542
2847 |  1.024  0.685  0.409  0.6164 0.7808 0.8630   0.542
2920 |  1.024  0.685  0.409  0.6164 0.7808 0.8630   0.542
2993 |  1.024  0.685  0.409  0.6164 0.7808 0.8630   0.542
3066 |  1.024  0.685  0.409  0.6164 0.7808 0.8630   0.542
3139 |  1.024  0.685  0.409  0.6164 0.7808 0.8630   0.542
3212 |  1.024  0.685  0.409  0.6164 0.7808 0.8630   0.542
3285 |  1.024  0.685  0.409  0.6164 0.7808 0.8630   0.542
3358 |  1.024  0.685  0.409  0.6164 0.7808 0.8630   0.542
3431 |  1.024  0.685  0.409  0.6164 0.7808 0.8630   0.542
3504 |  1.024  0.685  0.409  0.6164 0.7808 0.8630   0.542
3577 |  1.024  0.685  0.409  0.6164 0.7808 0.8630   0.542
 340 |  1.024  0.685  0.409  0.6164 0.7808 0.8630   0.542
#
