# Hydraprot_sorted/4ce8_A.pdb
# Protein CA rmsd=  0.000
#  N |   RMSD    Ave    Med   f<0.5  f<1.0  f<1.5
  52 |  4.848  3.179  0.552  0.4808 0.5577 0.5577   0.324
 104 |  2.463  1.467  0.405  0.5962 0.7115 0.7308   0.414
 156 |  1.649  0.867  0.372  0.6923 0.8269 0.8462   0.468
 208 |  1.393  0.772  0.372  0.7115 0.8462 0.8654   0.436
 260 |  1.040  0.659  0.372  0.7115 0.8462 0.8846   0.454
 312 |  1.040  0.659  0.372  0.7115 0.8462 0.8846   0.454
 364 |  1.040  0.659  0.372  0.7115 0.8462 0.8846   0.454
 416 |  1.040  0.659  0.372  0.7115 0.8462 0.8846   0.454
 468 |  1.040  0.659  0.372  0.7115 0.8462 0.8846   0.454
 520 |  1.040  0.659  0.372  0.7115 0.8462 0.8846   0.454
 572 |  1.040  0.659  0.372  0.7115 0.8462 0.8846   0.454
 624 |  1.040  0.659  0.372  0.7115 0.8462 0.8846   0.454
 676 |  1.040  0.659  0.372  0.7115 0.8462 0.8846   0.454
 728 |  1.040  0.659  0.372  0.7115 0.8462 0.8846   0.454
 780 |  1.040  0.659  0.372  0.7115 0.8462 0.8846   0.454
 832 |  1.040  0.659  0.372  0.7115 0.8462 0.8846   0.454
 884 |  1.040  0.659  0.372  0.7115 0.8462 0.8846   0.454
 936 |  1.040  0.659  0.372  0.7115 0.8462 0.8846   0.454
 988 |  1.040  0.659  0.372  0.7115 0.8462 0.8846   0.454
1040 |  1.040  0.659  0.372  0.7115 0.8462 0.8846   0.454
1092 |  1.040  0.659  0.372  0.7115 0.8462 0.8846   0.454
1144 |  1.040  0.659  0.372  0.7115 0.8462 0.8846   0.454
1196 |  1.040  0.659  0.372  0.7115 0.8462 0.8846   0.454
1248 |  1.040  0.659  0.372  0.7115 0.8462 0.8846   0.454
1300 |  1.040  0.659  0.372  0.7115 0.8462 0.8846   0.454
1352 |  1.040  0.659  0.372  0.7115 0.8462 0.8846   0.454
1404 |  1.040  0.659  0.372  0.7115 0.8462 0.8846   0.454
1456 |  1.040  0.659  0.372  0.7115 0.8462 0.8846   0.454
1508 |  1.040  0.659  0.372  0.7115 0.8462 0.8846   0.454
1560 |  1.040  0.659  0.372  0.7115 0.8462 0.8846   0.454
1612 |  1.040  0.659  0.372  0.7115 0.8462 0.8846   0.454
1664 |  1.040  0.659  0.372  0.7115 0.8462 0.8846   0.454
1716 |  1.040  0.659  0.372  0.7115 0.8462 0.8846   0.454
1768 |  1.040  0.659  0.372  0.7115 0.8462 0.8846   0.454
1820 |  1.040  0.659  0.372  0.7115 0.8462 0.8846   0.454
1872 |  1.040  0.659  0.372  0.7115 0.8462 0.8846   0.454
1924 |  1.040  0.659  0.372  0.7115 0.8462 0.8846   0.454
1976 |  1.040  0.659  0.372  0.7115 0.8462 0.8846   0.454
2028 |  1.040  0.659  0.372  0.7115 0.8462 0.8846   0.454
2080 |  1.040  0.659  0.372  0.7115 0.8462 0.8846   0.454
2132 |  1.040  0.659  0.372  0.7115 0.8462 0.8846   0.454
2184 |  1.040  0.659  0.372  0.7115 0.8462 0.8846   0.454
2236 |  1.040  0.659  0.372  0.7115 0.8462 0.8846   0.454
2288 |  1.040  0.659  0.372  0.7115 0.8462 0.8846   0.454
2340 |  1.040  0.659  0.372  0.7115 0.8462 0.8846   0.454
2392 |  1.040  0.659  0.372  0.7115 0.8462 0.8846   0.454
2444 |  1.040  0.659  0.372  0.7115 0.8462 0.8846   0.454
2496 |  1.040  0.659  0.372  0.7115 0.8462 0.8846   0.454
2548 |  1.040  0.659  0.372  0.7115 0.8462 0.8846   0.454
 241 |  1.040  0.659  0.372  0.7115 0.8462 0.8846   0.454
#
