# Hydraprot_sorted/4e3y_A.pdb
# Protein CA rmsd=  0.000
#  N |   RMSD    Ave    Med   f<0.5  f<1.0  f<1.5
 110 |  4.924  2.910  0.392  0.5909 0.6364 0.6364   0.297
 220 |  1.631  0.943  0.342  0.6727 0.7727 0.7909   0.381
 330 |  1.078  0.668  0.328  0.7091 0.8182 0.8545   0.422
 440 |  0.796  0.532  0.322  0.7364 0.8636 0.9091   0.447
 550 |  0.796  0.532  0.322  0.7364 0.8636 0.9091   0.447
 660 |  0.796  0.532  0.322  0.7364 0.8636 0.9091   0.447
 770 |  0.796  0.532  0.322  0.7364 0.8636 0.9091   0.447
 880 |  0.796  0.532  0.322  0.7364 0.8636 0.9091   0.447
 990 |  0.796  0.532  0.322  0.7364 0.8636 0.9091   0.447
1100 |  0.796  0.532  0.322  0.7364 0.8636 0.9091   0.447
1210 |  0.796  0.532  0.322  0.7364 0.8636 0.9091   0.447
1320 |  0.796  0.532  0.322  0.7364 0.8636 0.9091   0.447
1430 |  0.796  0.532  0.322  0.7364 0.8636 0.9091   0.447
1540 |  0.796  0.532  0.322  0.7364 0.8636 0.9091   0.447
1650 |  0.796  0.532  0.322  0.7364 0.8636 0.9091   0.447
1760 |  0.796  0.532  0.322  0.7364 0.8636 0.9091   0.447
1870 |  0.796  0.532  0.322  0.7364 0.8636 0.9091   0.447
1980 |  0.796  0.532  0.322  0.7364 0.8636 0.9091   0.447
2090 |  0.796  0.532  0.322  0.7364 0.8636 0.9091   0.447
2200 |  0.796  0.532  0.322  0.7364 0.8636 0.9091   0.447
2310 |  0.796  0.532  0.322  0.7364 0.8636 0.9091   0.447
2420 |  0.796  0.532  0.322  0.7364 0.8636 0.9091   0.447
2530 |  0.796  0.532  0.322  0.7364 0.8636 0.9091   0.447
2640 |  0.796  0.532  0.322  0.7364 0.8636 0.9091   0.447
2750 |  0.796  0.532  0.322  0.7364 0.8636 0.9091   0.447
2860 |  0.796  0.532  0.322  0.7364 0.8636 0.9091   0.447
2970 |  0.796  0.532  0.322  0.7364 0.8636 0.9091   0.447
3080 |  0.796  0.532  0.322  0.7364 0.8636 0.9091   0.447
3190 |  0.796  0.532  0.322  0.7364 0.8636 0.9091   0.447
3300 |  0.796  0.532  0.322  0.7364 0.8636 0.9091   0.447
3410 |  0.796  0.532  0.322  0.7364 0.8636 0.9091   0.447
3520 |  0.796  0.532  0.322  0.7364 0.8636 0.9091   0.447
3630 |  0.796  0.532  0.322  0.7364 0.8636 0.9091   0.447
3740 |  0.796  0.532  0.322  0.7364 0.8636 0.9091   0.447
3850 |  0.796  0.532  0.322  0.7364 0.8636 0.9091   0.447
3960 |  0.796  0.532  0.322  0.7364 0.8636 0.9091   0.447
4070 |  0.796  0.532  0.322  0.7364 0.8636 0.9091   0.447
4180 |  0.796  0.532  0.322  0.7364 0.8636 0.9091   0.447
4290 |  0.796  0.532  0.322  0.7364 0.8636 0.9091   0.447
4400 |  0.796  0.532  0.322  0.7364 0.8636 0.9091   0.447
4510 |  0.796  0.532  0.322  0.7364 0.8636 0.9091   0.447
4620 |  0.796  0.532  0.322  0.7364 0.8636 0.9091   0.447
4730 |  0.796  0.532  0.322  0.7364 0.8636 0.9091   0.447
4840 |  0.796  0.532  0.322  0.7364 0.8636 0.9091   0.447
4950 |  0.796  0.532  0.322  0.7364 0.8636 0.9091   0.447
5060 |  0.796  0.532  0.322  0.7364 0.8636 0.9091   0.447
5170 |  0.796  0.532  0.322  0.7364 0.8636 0.9091   0.447
5280 |  0.796  0.532  0.322  0.7364 0.8636 0.9091   0.447
5390 |  0.796  0.532  0.322  0.7364 0.8636 0.9091   0.447
 472 |  0.796  0.532  0.322  0.7364 0.8636 0.9091   0.447
#
