# Hydraprot_sorted/4g9s_B.pdb
# Protein CA rmsd=  0.000
#  N |   RMSD    Ave    Med   f<0.5  f<1.0  f<1.5
  51 |  4.867  3.315  2.387  0.4510 0.4902 0.4902   0.287
 102 |  2.419  1.408  0.349  0.6275 0.6863 0.6863   0.365
 153 |  1.268  0.787  0.317  0.6863 0.8039 0.8039   0.382
 204 |  0.797  0.501  0.301  0.7647 0.9020 0.9216   0.397
 255 |  0.797  0.501  0.301  0.7647 0.9020 0.9216   0.397
 306 |  0.797  0.501  0.301  0.7647 0.9020 0.9216   0.397
 357 |  0.797  0.501  0.301  0.7647 0.9020 0.9216   0.397
 408 |  0.797  0.501  0.301  0.7647 0.9020 0.9216   0.397
 459 |  0.797  0.501  0.301  0.7647 0.9020 0.9216   0.397
 510 |  0.797  0.501  0.301  0.7647 0.9020 0.9216   0.397
 561 |  0.797  0.501  0.301  0.7647 0.9020 0.9216   0.397
 612 |  0.797  0.501  0.301  0.7647 0.9020 0.9216   0.397
 663 |  0.797  0.501  0.301  0.7647 0.9020 0.9216   0.397
 714 |  0.797  0.501  0.301  0.7647 0.9020 0.9216   0.397
 765 |  0.797  0.501  0.301  0.7647 0.9020 0.9216   0.397
 816 |  0.797  0.501  0.301  0.7647 0.9020 0.9216   0.397
 867 |  0.797  0.501  0.301  0.7647 0.9020 0.9216   0.397
 918 |  0.797  0.501  0.301  0.7647 0.9020 0.9216   0.397
 969 |  0.797  0.501  0.301  0.7647 0.9020 0.9216   0.397
1020 |  0.797  0.501  0.301  0.7647 0.9020 0.9216   0.397
1071 |  0.797  0.501  0.301  0.7647 0.9020 0.9216   0.397
1122 |  0.797  0.501  0.301  0.7647 0.9020 0.9216   0.397
1173 |  0.797  0.501  0.301  0.7647 0.9020 0.9216   0.397
1224 |  0.797  0.501  0.301  0.7647 0.9020 0.9216   0.397
1275 |  0.797  0.501  0.301  0.7647 0.9020 0.9216   0.397
1326 |  0.797  0.501  0.301  0.7647 0.9020 0.9216   0.397
1377 |  0.797  0.501  0.301  0.7647 0.9020 0.9216   0.397
1428 |  0.797  0.501  0.301  0.7647 0.9020 0.9216   0.397
1479 |  0.797  0.501  0.301  0.7647 0.9020 0.9216   0.397
1530 |  0.797  0.501  0.301  0.7647 0.9020 0.9216   0.397
1581 |  0.797  0.501  0.301  0.7647 0.9020 0.9216   0.397
1632 |  0.797  0.501  0.301  0.7647 0.9020 0.9216   0.397
1683 |  0.797  0.501  0.301  0.7647 0.9020 0.9216   0.397
1734 |  0.797  0.501  0.301  0.7647 0.9020 0.9216   0.397
1785 |  0.797  0.501  0.301  0.7647 0.9020 0.9216   0.397
1836 |  0.797  0.501  0.301  0.7647 0.9020 0.9216   0.397
1887 |  0.797  0.501  0.301  0.7647 0.9020 0.9216   0.397
1938 |  0.797  0.501  0.301  0.7647 0.9020 0.9216   0.397
1989 |  0.797  0.501  0.301  0.7647 0.9020 0.9216   0.397
2040 |  0.797  0.501  0.301  0.7647 0.9020 0.9216   0.397
2091 |  0.797  0.501  0.301  0.7647 0.9020 0.9216   0.397
2142 |  0.797  0.501  0.301  0.7647 0.9020 0.9216   0.397
2193 |  0.797  0.501  0.301  0.7647 0.9020 0.9216   0.397
2244 |  0.797  0.501  0.301  0.7647 0.9020 0.9216   0.397
2295 |  0.797  0.501  0.301  0.7647 0.9020 0.9216   0.397
2346 |  0.797  0.501  0.301  0.7647 0.9020 0.9216   0.397
2397 |  0.797  0.501  0.301  0.7647 0.9020 0.9216   0.397
2448 |  0.797  0.501  0.301  0.7647 0.9020 0.9216   0.397
2499 |  0.797  0.501  0.301  0.7647 0.9020 0.9216   0.397
 250 |  0.797  0.501  0.301  0.7647 0.9020 0.9216   0.397
#
