# Hydraprot_sorted/4g9s_A.pdb
# Protein CA rmsd=  0.000
#  N |   RMSD    Ave    Med   f<0.5  f<1.0  f<1.5
  81 |  5.473  3.751  0.817  0.4444 0.5062 0.5062   0.339
 162 |  2.343  1.355  0.465  0.5432 0.7284 0.7531   0.407
 243 |  1.476  0.898  0.432  0.5802 0.7778 0.8272   0.431
 324 |  1.191  0.757  0.428  0.5926 0.8025 0.8642   0.462
 405 |  1.133  0.728  0.428  0.5926 0.8025 0.8765   0.471
 486 |  1.133  0.728  0.428  0.5926 0.8025 0.8765   0.471
 567 |  1.133  0.728  0.428  0.5926 0.8025 0.8765   0.471
 648 |  1.133  0.728  0.428  0.5926 0.8025 0.8765   0.471
 729 |  1.133  0.728  0.428  0.5926 0.8025 0.8765   0.471
 810 |  1.133  0.728  0.428  0.5926 0.8025 0.8765   0.471
 891 |  1.133  0.728  0.428  0.5926 0.8025 0.8765   0.471
 972 |  1.133  0.728  0.428  0.5926 0.8025 0.8765   0.471
1053 |  1.133  0.728  0.428  0.5926 0.8025 0.8765   0.471
1134 |  1.133  0.728  0.428  0.5926 0.8025 0.8765   0.471
1215 |  1.133  0.728  0.428  0.5926 0.8025 0.8765   0.471
1296 |  1.133  0.728  0.428  0.5926 0.8025 0.8765   0.471
1377 |  1.133  0.728  0.428  0.5926 0.8025 0.8765   0.471
1458 |  1.133  0.728  0.428  0.5926 0.8025 0.8765   0.471
1539 |  1.133  0.728  0.428  0.5926 0.8025 0.8765   0.471
1620 |  1.133  0.728  0.428  0.5926 0.8025 0.8765   0.471
1701 |  1.133  0.728  0.428  0.5926 0.8025 0.8765   0.471
1782 |  1.133  0.728  0.428  0.5926 0.8025 0.8765   0.471
1863 |  1.133  0.728  0.428  0.5926 0.8025 0.8765   0.471
1944 |  1.133  0.728  0.428  0.5926 0.8025 0.8765   0.471
2025 |  1.133  0.728  0.428  0.5926 0.8025 0.8765   0.471
2106 |  1.133  0.728  0.428  0.5926 0.8025 0.8765   0.471
2187 |  1.133  0.728  0.428  0.5926 0.8025 0.8765   0.471
2268 |  1.133  0.728  0.428  0.5926 0.8025 0.8765   0.471
2349 |  1.133  0.728  0.428  0.5926 0.8025 0.8765   0.471
2430 |  1.133  0.728  0.428  0.5926 0.8025 0.8765   0.471
2511 |  1.133  0.728  0.428  0.5926 0.8025 0.8765   0.471
2592 |  1.133  0.728  0.428  0.5926 0.8025 0.8765   0.471
2673 |  1.133  0.728  0.428  0.5926 0.8025 0.8765   0.471
2754 |  1.133  0.728  0.428  0.5926 0.8025 0.8765   0.471
2835 |  1.133  0.728  0.428  0.5926 0.8025 0.8765   0.471
2916 |  1.133  0.728  0.428  0.5926 0.8025 0.8765   0.471
2997 |  1.133  0.728  0.428  0.5926 0.8025 0.8765   0.471
3078 |  1.133  0.728  0.428  0.5926 0.8025 0.8765   0.471
3159 |  1.133  0.728  0.428  0.5926 0.8025 0.8765   0.471
3240 |  1.133  0.728  0.428  0.5926 0.8025 0.8765   0.471
3321 |  1.133  0.728  0.428  0.5926 0.8025 0.8765   0.471
3402 |  1.133  0.728  0.428  0.5926 0.8025 0.8765   0.471
3483 |  1.133  0.728  0.428  0.5926 0.8025 0.8765   0.471
3564 |  1.133  0.728  0.428  0.5926 0.8025 0.8765   0.471
3645 |  1.133  0.728  0.428  0.5926 0.8025 0.8765   0.471
3726 |  1.133  0.728  0.428  0.5926 0.8025 0.8765   0.471
3807 |  1.133  0.728  0.428  0.5926 0.8025 0.8765   0.471
3888 |  1.133  0.728  0.428  0.5926 0.8025 0.8765   0.471
3969 |  1.133  0.728  0.428  0.5926 0.8025 0.8765   0.471
 355 |  1.133  0.728  0.428  0.5926 0.8025 0.8765   0.471
#
