# Hydraprot_sorted/4ga2_A.pdb
# Protein CA rmsd=  0.000
#  N |   RMSD    Ave    Med   f<0.5  f<1.0  f<1.5
  43 |  6.373  4.997  5.263  0.2558 0.3721 0.3721   0.440
  86 |  4.071  2.479  0.601  0.3953 0.6279 0.6512   0.506
 129 |  2.387  1.448  0.531  0.4884 0.7209 0.7442   0.484
 172 |  1.557  0.982  0.499  0.5116 0.7674 0.8372   0.530
 215 |  1.371  0.838  0.495  0.5349 0.8140 0.8837   0.520
 258 |  0.956  0.644  0.451  0.5814 0.8605 0.9302   0.513
 301 |  0.727  0.571  0.451  0.5814 0.8605 0.9535   0.527
 344 |  0.727  0.571  0.451  0.5814 0.8605 0.9535   0.527
 387 |  0.727  0.571  0.451  0.5814 0.8605 0.9535   0.527
 430 |  0.727  0.571  0.451  0.5814 0.8605 0.9535   0.527
 473 |  0.727  0.571  0.451  0.5814 0.8605 0.9535   0.527
 516 |  0.727  0.571  0.451  0.5814 0.8605 0.9535   0.527
 559 |  0.727  0.571  0.451  0.5814 0.8605 0.9535   0.527
 602 |  0.727  0.571  0.451  0.5814 0.8605 0.9535   0.527
 645 |  0.727  0.571  0.451  0.5814 0.8605 0.9535   0.527
 688 |  0.727  0.571  0.451  0.5814 0.8605 0.9535   0.527
 731 |  0.727  0.571  0.451  0.5814 0.8605 0.9535   0.527
 774 |  0.727  0.571  0.451  0.5814 0.8605 0.9535   0.527
 817 |  0.727  0.571  0.451  0.5814 0.8605 0.9535   0.527
 860 |  0.727  0.571  0.451  0.5814 0.8605 0.9535   0.527
 903 |  0.727  0.571  0.451  0.5814 0.8605 0.9535   0.527
 946 |  0.727  0.571  0.451  0.5814 0.8605 0.9535   0.527
 989 |  0.727  0.571  0.451  0.5814 0.8605 0.9535   0.527
1032 |  0.727  0.571  0.451  0.5814 0.8605 0.9535   0.527
1075 |  0.727  0.571  0.451  0.5814 0.8605 0.9535   0.527
1118 |  0.727  0.571  0.451  0.5814 0.8605 0.9535   0.527
1161 |  0.727  0.571  0.451  0.5814 0.8605 0.9535   0.527
1204 |  0.727  0.571  0.451  0.5814 0.8605 0.9535   0.527
1247 |  0.727  0.571  0.451  0.5814 0.8605 0.9535   0.527
1290 |  0.727  0.571  0.451  0.5814 0.8605 0.9535   0.527
1333 |  0.727  0.571  0.451  0.5814 0.8605 0.9535   0.527
1376 |  0.727  0.571  0.451  0.5814 0.8605 0.9535   0.527
1419 |  0.727  0.571  0.451  0.5814 0.8605 0.9535   0.527
1462 |  0.727  0.571  0.451  0.5814 0.8605 0.9535   0.527
1505 |  0.727  0.571  0.451  0.5814 0.8605 0.9535   0.527
1548 |  0.727  0.571  0.451  0.5814 0.8605 0.9535   0.527
1591 |  0.727  0.571  0.451  0.5814 0.8605 0.9535   0.527
1634 |  0.727  0.571  0.451  0.5814 0.8605 0.9535   0.527
1677 |  0.727  0.571  0.451  0.5814 0.8605 0.9535   0.527
1720 |  0.727  0.571  0.451  0.5814 0.8605 0.9535   0.527
1763 |  0.727  0.571  0.451  0.5814 0.8605 0.9535   0.527
1806 |  0.727  0.571  0.451  0.5814 0.8605 0.9535   0.527
1849 |  0.727  0.571  0.451  0.5814 0.8605 0.9535   0.527
1892 |  0.727  0.571  0.451  0.5814 0.8605 0.9535   0.527
1935 |  0.727  0.571  0.451  0.5814 0.8605 0.9535   0.527
1978 |  0.727  0.571  0.451  0.5814 0.8605 0.9535   0.527
2021 |  0.727  0.571  0.451  0.5814 0.8605 0.9535   0.527
2064 |  0.727  0.571  0.451  0.5814 0.8605 0.9535   0.527
2107 |  0.727  0.571  0.451  0.5814 0.8605 0.9535   0.527
 310 |  0.727  0.571  0.451  0.5814 0.8605 0.9535   0.527
#
