# Hydraprot_sorted/4gnr_A.pdb
# Protein CA rmsd=  0.000
#  N |   RMSD    Ave    Med   f<0.5  f<1.0  f<1.5
 139 |  5.089  3.468  1.266  0.4388 0.4892 0.5252   0.395
 278 |  2.131  1.216  0.392  0.6187 0.7338 0.7914   0.428
 417 |  1.345  0.778  0.358  0.6547 0.8129 0.8705   0.458
 556 |  1.096  0.661  0.350  0.6763 0.8417 0.9065   0.457
 695 |  0.997  0.620  0.350  0.6763 0.8417 0.9281   0.477
 834 |  0.997  0.620  0.350  0.6763 0.8417 0.9281   0.477
 973 |  0.997  0.620  0.350  0.6763 0.8417 0.9281   0.477
1112 |  0.997  0.620  0.350  0.6763 0.8417 0.9281   0.477
1251 |  0.997  0.620  0.350  0.6763 0.8417 0.9281   0.477
1390 |  0.997  0.620  0.350  0.6763 0.8417 0.9281   0.477
1529 |  0.997  0.620  0.350  0.6763 0.8417 0.9281   0.477
1668 |  0.997  0.620  0.350  0.6763 0.8417 0.9281   0.477
1807 |  0.997  0.620  0.350  0.6763 0.8417 0.9281   0.477
1946 |  0.997  0.620  0.350  0.6763 0.8417 0.9281   0.477
2085 |  0.997  0.620  0.350  0.6763 0.8417 0.9281   0.477
2224 |  0.997  0.620  0.350  0.6763 0.8417 0.9281   0.477
2363 |  0.997  0.620  0.350  0.6763 0.8417 0.9281   0.477
2502 |  0.997  0.620  0.350  0.6763 0.8417 0.9281   0.477
2641 |  0.997  0.620  0.350  0.6763 0.8417 0.9281   0.477
2780 |  0.997  0.620  0.350  0.6763 0.8417 0.9281   0.477
2919 |  0.997  0.620  0.350  0.6763 0.8417 0.9281   0.477
3058 |  0.997  0.620  0.350  0.6763 0.8417 0.9281   0.477
3197 |  0.997  0.620  0.350  0.6763 0.8417 0.9281   0.477
3336 |  0.997  0.620  0.350  0.6763 0.8417 0.9281   0.477
3475 |  0.997  0.620  0.350  0.6763 0.8417 0.9281   0.477
3614 |  0.997  0.620  0.350  0.6763 0.8417 0.9281   0.477
3753 |  0.997  0.620  0.350  0.6763 0.8417 0.9281   0.477
3892 |  0.997  0.620  0.350  0.6763 0.8417 0.9281   0.477
4031 |  0.997  0.620  0.350  0.6763 0.8417 0.9281   0.477
4170 |  0.997  0.620  0.350  0.6763 0.8417 0.9281   0.477
4309 |  0.997  0.620  0.350  0.6763 0.8417 0.9281   0.477
4448 |  0.997  0.620  0.350  0.6763 0.8417 0.9281   0.477
4587 |  0.997  0.620  0.350  0.6763 0.8417 0.9281   0.477
4726 |  0.997  0.620  0.350  0.6763 0.8417 0.9281   0.477
4865 |  0.997  0.620  0.350  0.6763 0.8417 0.9281   0.477
5004 |  0.997  0.620  0.350  0.6763 0.8417 0.9281   0.477
5143 |  0.997  0.620  0.350  0.6763 0.8417 0.9281   0.477
5282 |  0.997  0.620  0.350  0.6763 0.8417 0.9281   0.477
5421 |  0.997  0.620  0.350  0.6763 0.8417 0.9281   0.477
5560 |  0.997  0.620  0.350  0.6763 0.8417 0.9281   0.477
5699 |  0.997  0.620  0.350  0.6763 0.8417 0.9281   0.477
5838 |  0.997  0.620  0.350  0.6763 0.8417 0.9281   0.477
5977 |  0.997  0.620  0.350  0.6763 0.8417 0.9281   0.477
6116 |  0.997  0.620  0.350  0.6763 0.8417 0.9281   0.477
6255 |  0.997  0.620  0.350  0.6763 0.8417 0.9281   0.477
6394 |  0.997  0.620  0.350  0.6763 0.8417 0.9281   0.477
6533 |  0.997  0.620  0.350  0.6763 0.8417 0.9281   0.477
6672 |  0.997  0.620  0.350  0.6763 0.8417 0.9281   0.477
6811 |  0.997  0.620  0.350  0.6763 0.8417 0.9281   0.477
 640 |  0.997  0.620  0.350  0.6763 0.8417 0.9281   0.477
#
