# Hydraprot_sorted/4iau_A.pdb
# Protein CA rmsd=  0.000
#  N |   RMSD    Ave    Med   f<0.5  f<1.0  f<1.5
  74 |  5.216  3.449  0.706  0.4865 0.5405 0.5405   0.288
 148 |  2.339  1.186  0.314  0.7027 0.7838 0.8108   0.351
 222 |  1.294  0.692  0.305  0.7297 0.8514 0.8919   0.382
 296 |  0.953  0.514  0.298  0.7568 0.9054 0.9459   0.408
 370 |  0.953  0.514  0.298  0.7568 0.9054 0.9459   0.408
 444 |  0.953  0.514  0.298  0.7568 0.9054 0.9459   0.408
 518 |  0.953  0.514  0.298  0.7568 0.9054 0.9459   0.408
 592 |  0.953  0.514  0.298  0.7568 0.9054 0.9459   0.408
 666 |  0.953  0.514  0.298  0.7568 0.9054 0.9459   0.408
 740 |  0.953  0.514  0.298  0.7568 0.9054 0.9459   0.408
 814 |  0.953  0.514  0.298  0.7568 0.9054 0.9459   0.408
 888 |  0.953  0.514  0.298  0.7568 0.9054 0.9459   0.408
 962 |  0.953  0.514  0.298  0.7568 0.9054 0.9459   0.408
1036 |  0.953  0.514  0.298  0.7568 0.9054 0.9459   0.408
1110 |  0.953  0.514  0.298  0.7568 0.9054 0.9459   0.408
1184 |  0.953  0.514  0.298  0.7568 0.9054 0.9459   0.408
1258 |  0.953  0.514  0.298  0.7568 0.9054 0.9459   0.408
1332 |  0.953  0.514  0.298  0.7568 0.9054 0.9459   0.408
1406 |  0.953  0.514  0.298  0.7568 0.9054 0.9459   0.408
1480 |  0.953  0.514  0.298  0.7568 0.9054 0.9459   0.408
1554 |  0.953  0.514  0.298  0.7568 0.9054 0.9459   0.408
1628 |  0.953  0.514  0.298  0.7568 0.9054 0.9459   0.408
1702 |  0.953  0.514  0.298  0.7568 0.9054 0.9459   0.408
1776 |  0.953  0.514  0.298  0.7568 0.9054 0.9459   0.408
1850 |  0.953  0.514  0.298  0.7568 0.9054 0.9459   0.408
1924 |  0.953  0.514  0.298  0.7568 0.9054 0.9459   0.408
1998 |  0.953  0.514  0.298  0.7568 0.9054 0.9459   0.408
2072 |  0.953  0.514  0.298  0.7568 0.9054 0.9459   0.408
2146 |  0.953  0.514  0.298  0.7568 0.9054 0.9459   0.408
2220 |  0.953  0.514  0.298  0.7568 0.9054 0.9459   0.408
2294 |  0.953  0.514  0.298  0.7568 0.9054 0.9459   0.408
2368 |  0.953  0.514  0.298  0.7568 0.9054 0.9459   0.408
2442 |  0.953  0.514  0.298  0.7568 0.9054 0.9459   0.408
2516 |  0.953  0.514  0.298  0.7568 0.9054 0.9459   0.408
2590 |  0.953  0.514  0.298  0.7568 0.9054 0.9459   0.408
2664 |  0.953  0.514  0.298  0.7568 0.9054 0.9459   0.408
2738 |  0.953  0.514  0.298  0.7568 0.9054 0.9459   0.408
2812 |  0.953  0.514  0.298  0.7568 0.9054 0.9459   0.408
2886 |  0.953  0.514  0.298  0.7568 0.9054 0.9459   0.408
2960 |  0.953  0.514  0.298  0.7568 0.9054 0.9459   0.408
3034 |  0.953  0.514  0.298  0.7568 0.9054 0.9459   0.408
3108 |  0.953  0.514  0.298  0.7568 0.9054 0.9459   0.408
3182 |  0.953  0.514  0.298  0.7568 0.9054 0.9459   0.408
3256 |  0.953  0.514  0.298  0.7568 0.9054 0.9459   0.408
3330 |  0.953  0.514  0.298  0.7568 0.9054 0.9459   0.408
3404 |  0.953  0.514  0.298  0.7568 0.9054 0.9459   0.408
3478 |  0.953  0.514  0.298  0.7568 0.9054 0.9459   0.408
3552 |  0.953  0.514  0.298  0.7568 0.9054 0.9459   0.408
3626 |  0.953  0.514  0.298  0.7568 0.9054 0.9459   0.408
 346 |  0.953  0.514  0.298  0.7568 0.9054 0.9459   0.408
#
