# Hydraprot_sorted/4kqp_A.pdb
# Protein CA rmsd=  0.000
#  N |   RMSD    Ave    Med   f<0.5  f<1.0  f<1.5
  99 |  5.658  4.057  3.470  0.3939 0.4444 0.4545   0.310
 198 |  2.891  1.712  0.482  0.5152 0.6667 0.6970   0.427
 297 |  1.622  0.931  0.420  0.5859 0.7778 0.8384   0.473
 396 |  1.185  0.709  0.418  0.6061 0.8283 0.8889   0.509
 495 |  1.128  0.688  0.418  0.6061 0.8283 0.8889   0.509
 594 |  1.128  0.688  0.418  0.6061 0.8283 0.8889   0.509
 693 |  1.128  0.688  0.418  0.6061 0.8283 0.8889   0.509
 792 |  1.128  0.688  0.418  0.6061 0.8283 0.8889   0.509
 891 |  1.128  0.688  0.418  0.6061 0.8283 0.8889   0.509
 990 |  1.128  0.688  0.418  0.6061 0.8283 0.8889   0.509
1089 |  1.128  0.688  0.418  0.6061 0.8283 0.8889   0.509
1188 |  1.128  0.688  0.418  0.6061 0.8283 0.8889   0.509
1287 |  1.128  0.688  0.418  0.6061 0.8283 0.8889   0.509
1386 |  1.128  0.688  0.418  0.6061 0.8283 0.8889   0.509
1485 |  1.128  0.688  0.418  0.6061 0.8283 0.8889   0.509
1584 |  1.128  0.688  0.418  0.6061 0.8283 0.8889   0.509
1683 |  1.128  0.688  0.418  0.6061 0.8283 0.8889   0.509
1782 |  1.128  0.688  0.418  0.6061 0.8283 0.8889   0.509
1881 |  1.128  0.688  0.418  0.6061 0.8283 0.8889   0.509
1980 |  1.128  0.688  0.418  0.6061 0.8283 0.8889   0.509
2079 |  1.128  0.688  0.418  0.6061 0.8283 0.8889   0.509
2178 |  1.128  0.688  0.418  0.6061 0.8283 0.8889   0.509
2277 |  1.128  0.688  0.418  0.6061 0.8283 0.8889   0.509
2376 |  1.128  0.688  0.418  0.6061 0.8283 0.8889   0.509
2475 |  1.128  0.688  0.418  0.6061 0.8283 0.8889   0.509
2574 |  1.128  0.688  0.418  0.6061 0.8283 0.8889   0.509
2673 |  1.128  0.688  0.418  0.6061 0.8283 0.8889   0.509
2772 |  1.128  0.688  0.418  0.6061 0.8283 0.8889   0.509
2871 |  1.128  0.688  0.418  0.6061 0.8283 0.8889   0.509
2970 |  1.128  0.688  0.418  0.6061 0.8283 0.8889   0.509
3069 |  1.128  0.688  0.418  0.6061 0.8283 0.8889   0.509
3168 |  1.128  0.688  0.418  0.6061 0.8283 0.8889   0.509
3267 |  1.128  0.688  0.418  0.6061 0.8283 0.8889   0.509
3366 |  1.128  0.688  0.418  0.6061 0.8283 0.8889   0.509
3465 |  1.128  0.688  0.418  0.6061 0.8283 0.8889   0.509
3564 |  1.128  0.688  0.418  0.6061 0.8283 0.8889   0.509
3663 |  1.128  0.688  0.418  0.6061 0.8283 0.8889   0.509
3762 |  1.128  0.688  0.418  0.6061 0.8283 0.8889   0.509
3861 |  1.128  0.688  0.418  0.6061 0.8283 0.8889   0.509
3960 |  1.128  0.688  0.418  0.6061 0.8283 0.8889   0.509
4059 |  1.128  0.688  0.418  0.6061 0.8283 0.8889   0.509
4158 |  1.128  0.688  0.418  0.6061 0.8283 0.8889   0.509
4257 |  1.128  0.688  0.418  0.6061 0.8283 0.8889   0.509
4356 |  1.128  0.688  0.418  0.6061 0.8283 0.8889   0.509
4455 |  1.128  0.688  0.418  0.6061 0.8283 0.8889   0.509
4554 |  1.128  0.688  0.418  0.6061 0.8283 0.8889   0.509
4653 |  1.128  0.688  0.418  0.6061 0.8283 0.8889   0.509
4752 |  1.128  0.688  0.418  0.6061 0.8283 0.8889   0.509
4851 |  1.128  0.688  0.418  0.6061 0.8283 0.8889   0.509
 456 |  1.128  0.688  0.418  0.6061 0.8283 0.8889   0.509
#
