# Hydraprot_sorted/4n1i_A.pdb
# Protein CA rmsd=  0.000
#  N |   RMSD    Ave    Med   f<0.5  f<1.0  f<1.5
 146 |  4.774  2.900  0.381  0.5685 0.6233 0.6233   0.297
 292 |  1.764  0.968  0.343  0.6712 0.7740 0.7945   0.372
 438 |  1.127  0.628  0.323  0.7329 0.8699 0.9110   0.411
 584 |  0.833  0.517  0.323  0.7329 0.9041 0.9521   0.419
 730 |  0.833  0.517  0.323  0.7329 0.9041 0.9521   0.419
 876 |  0.833  0.517  0.323  0.7329 0.9041 0.9521   0.419
1022 |  0.833  0.517  0.323  0.7329 0.9041 0.9521   0.419
1168 |  0.833  0.517  0.323  0.7329 0.9041 0.9521   0.419
1314 |  0.833  0.517  0.323  0.7329 0.9041 0.9521   0.419
1460 |  0.833  0.517  0.323  0.7329 0.9041 0.9521   0.419
1606 |  0.833  0.517  0.323  0.7329 0.9041 0.9521   0.419
1752 |  0.833  0.517  0.323  0.7329 0.9041 0.9521   0.419
1898 |  0.833  0.517  0.323  0.7329 0.9041 0.9521   0.419
2044 |  0.833  0.517  0.323  0.7329 0.9041 0.9521   0.419
2190 |  0.833  0.517  0.323  0.7329 0.9041 0.9521   0.419
2336 |  0.833  0.517  0.323  0.7329 0.9041 0.9521   0.419
2482 |  0.833  0.517  0.323  0.7329 0.9041 0.9521   0.419
2628 |  0.833  0.517  0.323  0.7329 0.9041 0.9521   0.419
2774 |  0.833  0.517  0.323  0.7329 0.9041 0.9521   0.419
2920 |  0.833  0.517  0.323  0.7329 0.9041 0.9521   0.419
3066 |  0.833  0.517  0.323  0.7329 0.9041 0.9521   0.419
3212 |  0.833  0.517  0.323  0.7329 0.9041 0.9521   0.419
3358 |  0.833  0.517  0.323  0.7329 0.9041 0.9521   0.419
3504 |  0.833  0.517  0.323  0.7329 0.9041 0.9521   0.419
3650 |  0.833  0.517  0.323  0.7329 0.9041 0.9521   0.419
3796 |  0.833  0.517  0.323  0.7329 0.9041 0.9521   0.419
3942 |  0.833  0.517  0.323  0.7329 0.9041 0.9521   0.419
4088 |  0.833  0.517  0.323  0.7329 0.9041 0.9521   0.419
4234 |  0.833  0.517  0.323  0.7329 0.9041 0.9521   0.419
4380 |  0.833  0.517  0.323  0.7329 0.9041 0.9521   0.419
4526 |  0.833  0.517  0.323  0.7329 0.9041 0.9521   0.419
4672 |  0.833  0.517  0.323  0.7329 0.9041 0.9521   0.419
4818 |  0.833  0.517  0.323  0.7329 0.9041 0.9521   0.419
4964 |  0.833  0.517  0.323  0.7329 0.9041 0.9521   0.419
5110 |  0.833  0.517  0.323  0.7329 0.9041 0.9521   0.419
5256 |  0.833  0.517  0.323  0.7329 0.9041 0.9521   0.419
5402 |  0.833  0.517  0.323  0.7329 0.9041 0.9521   0.419
5548 |  0.833  0.517  0.323  0.7329 0.9041 0.9521   0.419
5694 |  0.833  0.517  0.323  0.7329 0.9041 0.9521   0.419
5840 |  0.833  0.517  0.323  0.7329 0.9041 0.9521   0.419
5986 |  0.833  0.517  0.323  0.7329 0.9041 0.9521   0.419
6132 |  0.833  0.517  0.323  0.7329 0.9041 0.9521   0.419
6278 |  0.833  0.517  0.323  0.7329 0.9041 0.9521   0.419
6424 |  0.833  0.517  0.323  0.7329 0.9041 0.9521   0.419
6570 |  0.833  0.517  0.323  0.7329 0.9041 0.9521   0.419
6716 |  0.833  0.517  0.323  0.7329 0.9041 0.9521   0.419
6862 |  0.833  0.517  0.323  0.7329 0.9041 0.9521   0.419
7008 |  0.833  0.517  0.323  0.7329 0.9041 0.9521   0.419
7154 |  0.833  0.517  0.323  0.7329 0.9041 0.9521   0.419
 575 |  0.833  0.517  0.323  0.7329 0.9041 0.9521   0.419
#
