# Hydraprot_sorted/4nsv_A.pdb
# Protein CA rmsd=  0.000
#  N |   RMSD    Ave    Med   f<0.5  f<1.0  f<1.5
 122 |  4.510  2.738  0.387  0.5820 0.6230 0.6311   0.290
 244 |  1.508  0.780  0.336  0.7377 0.8525 0.8689   0.375
 366 |  0.654  0.454  0.325  0.7787 0.9016 0.9426   0.393
 488 |  0.588  0.426  0.325  0.7869 0.9180 0.9590   0.398
 610 |  0.588  0.426  0.325  0.7869 0.9180 0.9590   0.398
 732 |  0.588  0.426  0.325  0.7869 0.9180 0.9590   0.398
 854 |  0.588  0.426  0.325  0.7869 0.9180 0.9590   0.398
 976 |  0.588  0.426  0.325  0.7869 0.9180 0.9590   0.398
1098 |  0.588  0.426  0.325  0.7869 0.9180 0.9590   0.398
1220 |  0.588  0.426  0.325  0.7869 0.9180 0.9590   0.398
1342 |  0.588  0.426  0.325  0.7869 0.9180 0.9590   0.398
1464 |  0.588  0.426  0.325  0.7869 0.9180 0.9590   0.398
1586 |  0.588  0.426  0.325  0.7869 0.9180 0.9590   0.398
1708 |  0.588  0.426  0.325  0.7869 0.9180 0.9590   0.398
1830 |  0.588  0.426  0.325  0.7869 0.9180 0.9590   0.398
1952 |  0.588  0.426  0.325  0.7869 0.9180 0.9590   0.398
2074 |  0.588  0.426  0.325  0.7869 0.9180 0.9590   0.398
2196 |  0.588  0.426  0.325  0.7869 0.9180 0.9590   0.398
2318 |  0.588  0.426  0.325  0.7869 0.9180 0.9590   0.398
2440 |  0.588  0.426  0.325  0.7869 0.9180 0.9590   0.398
2562 |  0.588  0.426  0.325  0.7869 0.9180 0.9590   0.398
2684 |  0.588  0.426  0.325  0.7869 0.9180 0.9590   0.398
2806 |  0.588  0.426  0.325  0.7869 0.9180 0.9590   0.398
2928 |  0.588  0.426  0.325  0.7869 0.9180 0.9590   0.398
3050 |  0.588  0.426  0.325  0.7869 0.9180 0.9590   0.398
3172 |  0.588  0.426  0.325  0.7869 0.9180 0.9590   0.398
3294 |  0.588  0.426  0.325  0.7869 0.9180 0.9590   0.398
3416 |  0.588  0.426  0.325  0.7869 0.9180 0.9590   0.398
3538 |  0.588  0.426  0.325  0.7869 0.9180 0.9590   0.398
3660 |  0.588  0.426  0.325  0.7869 0.9180 0.9590   0.398
3782 |  0.588  0.426  0.325  0.7869 0.9180 0.9590   0.398
3904 |  0.588  0.426  0.325  0.7869 0.9180 0.9590   0.398
4026 |  0.588  0.426  0.325  0.7869 0.9180 0.9590   0.398
4148 |  0.588  0.426  0.325  0.7869 0.9180 0.9590   0.398
4270 |  0.588  0.426  0.325  0.7869 0.9180 0.9590   0.398
4392 |  0.588  0.426  0.325  0.7869 0.9180 0.9590   0.398
4514 |  0.588  0.426  0.325  0.7869 0.9180 0.9590   0.398
4636 |  0.588  0.426  0.325  0.7869 0.9180 0.9590   0.398
4758 |  0.588  0.426  0.325  0.7869 0.9180 0.9590   0.398
4880 |  0.588  0.426  0.325  0.7869 0.9180 0.9590   0.398
5002 |  0.588  0.426  0.325  0.7869 0.9180 0.9590   0.398
5124 |  0.588  0.426  0.325  0.7869 0.9180 0.9590   0.398
5246 |  0.588  0.426  0.325  0.7869 0.9180 0.9590   0.398
5368 |  0.588  0.426  0.325  0.7869 0.9180 0.9590   0.398
5490 |  0.588  0.426  0.325  0.7869 0.9180 0.9590   0.398
5612 |  0.588  0.426  0.325  0.7869 0.9180 0.9590   0.398
5734 |  0.588  0.426  0.325  0.7869 0.9180 0.9590   0.398
5856 |  0.588  0.426  0.325  0.7869 0.9180 0.9590   0.398
5978 |  0.588  0.426  0.325  0.7869 0.9180 0.9590   0.398
 496 |  0.588  0.426  0.325  0.7869 0.9180 0.9590   0.398
#
