# Hydraprot_sorted/4o6u_A.pdb
# Protein CA rmsd=  0.000
#  N |   RMSD    Ave    Med   f<0.5  f<1.0  f<1.5
  72 |  5.096  3.507  1.027  0.4444 0.5000 0.5278   0.356
 144 |  2.539  1.566  0.478  0.5278 0.6389 0.7083   0.458
 216 |  1.548  0.916  0.435  0.6250 0.7500 0.8472   0.469
 288 |  1.309  0.795  0.423  0.6389 0.7778 0.8750   0.472
 360 |  1.117  0.701  0.423  0.6389 0.8056 0.9167   0.488
 432 |  1.020  0.663  0.423  0.6389 0.8056 0.9306   0.500
 504 |  1.020  0.663  0.423  0.6389 0.8056 0.9306   0.500
 576 |  1.020  0.663  0.423  0.6389 0.8056 0.9306   0.500
 648 |  1.020  0.663  0.423  0.6389 0.8056 0.9306   0.500
 720 |  1.020  0.663  0.423  0.6389 0.8056 0.9306   0.500
 792 |  1.020  0.663  0.423  0.6389 0.8056 0.9306   0.500
 864 |  1.020  0.663  0.423  0.6389 0.8056 0.9306   0.500
 936 |  1.020  0.663  0.423  0.6389 0.8056 0.9306   0.500
1008 |  1.020  0.663  0.423  0.6389 0.8056 0.9306   0.500
1080 |  1.020  0.663  0.423  0.6389 0.8056 0.9306   0.500
1152 |  1.020  0.663  0.423  0.6389 0.8056 0.9306   0.500
1224 |  1.020  0.663  0.423  0.6389 0.8056 0.9306   0.500
1296 |  1.020  0.663  0.423  0.6389 0.8056 0.9306   0.500
1368 |  1.020  0.663  0.423  0.6389 0.8056 0.9306   0.500
1440 |  1.020  0.663  0.423  0.6389 0.8056 0.9306   0.500
1512 |  1.020  0.663  0.423  0.6389 0.8056 0.9306   0.500
1584 |  1.020  0.663  0.423  0.6389 0.8056 0.9306   0.500
1656 |  1.020  0.663  0.423  0.6389 0.8056 0.9306   0.500
1728 |  1.020  0.663  0.423  0.6389 0.8056 0.9306   0.500
1800 |  1.020  0.663  0.423  0.6389 0.8056 0.9306   0.500
1872 |  1.020  0.663  0.423  0.6389 0.8056 0.9306   0.500
1944 |  1.020  0.663  0.423  0.6389 0.8056 0.9306   0.500
2016 |  1.020  0.663  0.423  0.6389 0.8056 0.9306   0.500
2088 |  1.020  0.663  0.423  0.6389 0.8056 0.9306   0.500
2160 |  1.020  0.663  0.423  0.6389 0.8056 0.9306   0.500
2232 |  1.020  0.663  0.423  0.6389 0.8056 0.9306   0.500
2304 |  1.020  0.663  0.423  0.6389 0.8056 0.9306   0.500
2376 |  1.020  0.663  0.423  0.6389 0.8056 0.9306   0.500
2448 |  1.020  0.663  0.423  0.6389 0.8056 0.9306   0.500
2520 |  1.020  0.663  0.423  0.6389 0.8056 0.9306   0.500
2592 |  1.020  0.663  0.423  0.6389 0.8056 0.9306   0.500
2664 |  1.020  0.663  0.423  0.6389 0.8056 0.9306   0.500
2736 |  1.020  0.663  0.423  0.6389 0.8056 0.9306   0.500
2808 |  1.020  0.663  0.423  0.6389 0.8056 0.9306   0.500
2880 |  1.020  0.663  0.423  0.6389 0.8056 0.9306   0.500
2952 |  1.020  0.663  0.423  0.6389 0.8056 0.9306   0.500
3024 |  1.020  0.663  0.423  0.6389 0.8056 0.9306   0.500
3096 |  1.020  0.663  0.423  0.6389 0.8056 0.9306   0.500
3168 |  1.020  0.663  0.423  0.6389 0.8056 0.9306   0.500
3240 |  1.020  0.663  0.423  0.6389 0.8056 0.9306   0.500
3312 |  1.020  0.663  0.423  0.6389 0.8056 0.9306   0.500
3384 |  1.020  0.663  0.423  0.6389 0.8056 0.9306   0.500
3456 |  1.020  0.663  0.423  0.6389 0.8056 0.9306   0.500
3528 |  1.020  0.663  0.423  0.6389 0.8056 0.9306   0.500
 361 |  1.020  0.663  0.423  0.6389 0.8056 0.9306   0.500
#
