# Hydraprot_sorted/4psy_A.pdb
# Protein CA rmsd=  0.000
#  N |   RMSD    Ave    Med   f<0.5  f<1.0  f<1.5
  69 |  5.591  3.923  1.936  0.3333 0.4783 0.4783   0.470
 138 |  2.690  1.642  0.543  0.4348 0.6812 0.7101   0.491
 207 |  1.889  1.148  0.508  0.4783 0.7536 0.7971   0.495
 276 |  1.183  0.722  0.473  0.5217 0.8406 0.8986   0.517
 345 |  0.926  0.643  0.473  0.5217 0.8406 0.9130   0.525
 414 |  0.926  0.643  0.473  0.5217 0.8406 0.9130   0.525
 483 |  0.926  0.643  0.473  0.5217 0.8406 0.9130   0.525
 552 |  0.926  0.643  0.473  0.5217 0.8406 0.9130   0.525
 621 |  0.926  0.643  0.473  0.5217 0.8406 0.9130   0.525
 690 |  0.926  0.643  0.473  0.5217 0.8406 0.9130   0.525
 759 |  0.926  0.643  0.473  0.5217 0.8406 0.9130   0.525
 828 |  0.926  0.643  0.473  0.5217 0.8406 0.9130   0.525
 897 |  0.926  0.643  0.473  0.5217 0.8406 0.9130   0.525
 966 |  0.926  0.643  0.473  0.5217 0.8406 0.9130   0.525
1035 |  0.926  0.643  0.473  0.5217 0.8406 0.9130   0.525
1104 |  0.926  0.643  0.473  0.5217 0.8406 0.9130   0.525
1173 |  0.926  0.643  0.473  0.5217 0.8406 0.9130   0.525
1242 |  0.926  0.643  0.473  0.5217 0.8406 0.9130   0.525
1311 |  0.926  0.643  0.473  0.5217 0.8406 0.9130   0.525
1380 |  0.926  0.643  0.473  0.5217 0.8406 0.9130   0.525
1449 |  0.926  0.643  0.473  0.5217 0.8406 0.9130   0.525
1518 |  0.926  0.643  0.473  0.5217 0.8406 0.9130   0.525
1587 |  0.926  0.643  0.473  0.5217 0.8406 0.9130   0.525
1656 |  0.926  0.643  0.473  0.5217 0.8406 0.9130   0.525
1725 |  0.926  0.643  0.473  0.5217 0.8406 0.9130   0.525
1794 |  0.926  0.643  0.473  0.5217 0.8406 0.9130   0.525
1863 |  0.926  0.643  0.473  0.5217 0.8406 0.9130   0.525
1932 |  0.926  0.643  0.473  0.5217 0.8406 0.9130   0.525
2001 |  0.926  0.643  0.473  0.5217 0.8406 0.9130   0.525
2070 |  0.926  0.643  0.473  0.5217 0.8406 0.9130   0.525
2139 |  0.926  0.643  0.473  0.5217 0.8406 0.9130   0.525
2208 |  0.926  0.643  0.473  0.5217 0.8406 0.9130   0.525
2277 |  0.926  0.643  0.473  0.5217 0.8406 0.9130   0.525
2346 |  0.926  0.643  0.473  0.5217 0.8406 0.9130   0.525
2415 |  0.926  0.643  0.473  0.5217 0.8406 0.9130   0.525
2484 |  0.926  0.643  0.473  0.5217 0.8406 0.9130   0.525
2553 |  0.926  0.643  0.473  0.5217 0.8406 0.9130   0.525
2622 |  0.926  0.643  0.473  0.5217 0.8406 0.9130   0.525
2691 |  0.926  0.643  0.473  0.5217 0.8406 0.9130   0.525
2760 |  0.926  0.643  0.473  0.5217 0.8406 0.9130   0.525
2829 |  0.926  0.643  0.473  0.5217 0.8406 0.9130   0.525
2898 |  0.926  0.643  0.473  0.5217 0.8406 0.9130   0.525
2967 |  0.926  0.643  0.473  0.5217 0.8406 0.9130   0.525
3036 |  0.926  0.643  0.473  0.5217 0.8406 0.9130   0.525
3105 |  0.926  0.643  0.473  0.5217 0.8406 0.9130   0.525
3174 |  0.926  0.643  0.473  0.5217 0.8406 0.9130   0.525
3243 |  0.926  0.643  0.473  0.5217 0.8406 0.9130   0.525
3312 |  0.926  0.643  0.473  0.5217 0.8406 0.9130   0.525
3381 |  0.926  0.643  0.473  0.5217 0.8406 0.9130   0.525
 337 |  0.926  0.643  0.473  0.5217 0.8406 0.9130   0.525
#
