# Hydraprot_sorted/4u9h_S.pdb
# Protein CA rmsd=  0.000
#  N |   RMSD    Ave    Med   f<0.5  f<1.0  f<1.5
 101 |  5.115  3.380  0.533  0.4752 0.5545 0.5545   0.319
 202 |  2.147  1.212  0.376  0.6139 0.7426 0.7624   0.374
 303 |  1.205  0.716  0.328  0.6634 0.8218 0.8515   0.436
 404 |  1.021  0.620  0.322  0.6733 0.8416 0.8911   0.434
 505 |  0.818  0.547  0.322  0.6733 0.8515 0.9109   0.441
 606 |  0.818  0.547  0.322  0.6733 0.8515 0.9109   0.441
 707 |  0.818  0.547  0.322  0.6733 0.8515 0.9109   0.441
 808 |  0.818  0.547  0.322  0.6733 0.8515 0.9109   0.441
 909 |  0.818  0.547  0.322  0.6733 0.8515 0.9109   0.441
1010 |  0.818  0.547  0.322  0.6733 0.8515 0.9109   0.441
1111 |  0.818  0.547  0.322  0.6733 0.8515 0.9109   0.441
1212 |  0.818  0.547  0.322  0.6733 0.8515 0.9109   0.441
1313 |  0.818  0.547  0.322  0.6733 0.8515 0.9109   0.441
1414 |  0.818  0.547  0.322  0.6733 0.8515 0.9109   0.441
1515 |  0.818  0.547  0.322  0.6733 0.8515 0.9109   0.441
1616 |  0.818  0.547  0.322  0.6733 0.8515 0.9109   0.441
1717 |  0.818  0.547  0.322  0.6733 0.8515 0.9109   0.441
1818 |  0.818  0.547  0.322  0.6733 0.8515 0.9109   0.441
1919 |  0.818  0.547  0.322  0.6733 0.8515 0.9109   0.441
2020 |  0.818  0.547  0.322  0.6733 0.8515 0.9109   0.441
2121 |  0.818  0.547  0.322  0.6733 0.8515 0.9109   0.441
2222 |  0.818  0.547  0.322  0.6733 0.8515 0.9109   0.441
2323 |  0.818  0.547  0.322  0.6733 0.8515 0.9109   0.441
2424 |  0.818  0.547  0.322  0.6733 0.8515 0.9109   0.441
2525 |  0.818  0.547  0.322  0.6733 0.8515 0.9109   0.441
2626 |  0.818  0.547  0.322  0.6733 0.8515 0.9109   0.441
2727 |  0.818  0.547  0.322  0.6733 0.8515 0.9109   0.441
2828 |  0.818  0.547  0.322  0.6733 0.8515 0.9109   0.441
2929 |  0.818  0.547  0.322  0.6733 0.8515 0.9109   0.441
3030 |  0.818  0.547  0.322  0.6733 0.8515 0.9109   0.441
3131 |  0.818  0.547  0.322  0.6733 0.8515 0.9109   0.441
3232 |  0.818  0.547  0.322  0.6733 0.8515 0.9109   0.441
3333 |  0.818  0.547  0.322  0.6733 0.8515 0.9109   0.441
3434 |  0.818  0.547  0.322  0.6733 0.8515 0.9109   0.441
3535 |  0.818  0.547  0.322  0.6733 0.8515 0.9109   0.441
3636 |  0.818  0.547  0.322  0.6733 0.8515 0.9109   0.441
3737 |  0.818  0.547  0.322  0.6733 0.8515 0.9109   0.441
3838 |  0.818  0.547  0.322  0.6733 0.8515 0.9109   0.441
3939 |  0.818  0.547  0.322  0.6733 0.8515 0.9109   0.441
4040 |  0.818  0.547  0.322  0.6733 0.8515 0.9109   0.441
4141 |  0.818  0.547  0.322  0.6733 0.8515 0.9109   0.441
4242 |  0.818  0.547  0.322  0.6733 0.8515 0.9109   0.441
4343 |  0.818  0.547  0.322  0.6733 0.8515 0.9109   0.441
4444 |  0.818  0.547  0.322  0.6733 0.8515 0.9109   0.441
4545 |  0.818  0.547  0.322  0.6733 0.8515 0.9109   0.441
4646 |  0.818  0.547  0.322  0.6733 0.8515 0.9109   0.441
4747 |  0.818  0.547  0.322  0.6733 0.8515 0.9109   0.441
4848 |  0.818  0.547  0.322  0.6733 0.8515 0.9109   0.441
4949 |  0.818  0.547  0.322  0.6733 0.8515 0.9109   0.441
 539 |  0.818  0.547  0.322  0.6733 0.8515 0.9109   0.441
#
