# Hydraprot_sorted/4wee_A.pdb
# Protein CA rmsd=  0.000
#  N |   RMSD    Ave    Med   f<0.5  f<1.0  f<1.5
  43 |  6.031  4.853  5.520  0.2326 0.3023 0.3023   0.402
  86 |  3.311  2.130  0.575  0.4419 0.6047 0.6279   0.439
 129 |  1.990  1.180  0.461  0.5349 0.7442 0.7907   0.497
 172 |  1.595  0.959  0.409  0.5814 0.7907 0.8372   0.487
 215 |  1.168  0.765  0.409  0.5814 0.8140 0.8837   0.513
 258 |  0.975  0.698  0.409  0.5814 0.8140 0.9070   0.510
 301 |  0.933  0.673  0.409  0.5814 0.8140 0.9302   0.524
 344 |  0.933  0.673  0.409  0.5814 0.8140 0.9302   0.524
 387 |  0.933  0.673  0.409  0.5814 0.8140 0.9302   0.524
 430 |  0.933  0.673  0.409  0.5814 0.8140 0.9302   0.524
 473 |  0.933  0.673  0.409  0.5814 0.8140 0.9302   0.524
 516 |  0.933  0.673  0.409  0.5814 0.8140 0.9302   0.524
 559 |  0.933  0.673  0.409  0.5814 0.8140 0.9302   0.524
 602 |  0.933  0.673  0.409  0.5814 0.8140 0.9302   0.524
 645 |  0.933  0.673  0.409  0.5814 0.8140 0.9302   0.524
 688 |  0.933  0.673  0.409  0.5814 0.8140 0.9302   0.524
 731 |  0.933  0.673  0.409  0.5814 0.8140 0.9302   0.524
 774 |  0.933  0.673  0.409  0.5814 0.8140 0.9302   0.524
 817 |  0.933  0.673  0.409  0.5814 0.8140 0.9302   0.524
 860 |  0.933  0.673  0.409  0.5814 0.8140 0.9302   0.524
 903 |  0.933  0.673  0.409  0.5814 0.8140 0.9302   0.524
 946 |  0.933  0.673  0.409  0.5814 0.8140 0.9302   0.524
 989 |  0.933  0.673  0.409  0.5814 0.8140 0.9302   0.524
1032 |  0.933  0.673  0.409  0.5814 0.8140 0.9302   0.524
1075 |  0.933  0.673  0.409  0.5814 0.8140 0.9302   0.524
1118 |  0.933  0.673  0.409  0.5814 0.8140 0.9302   0.524
1161 |  0.933  0.673  0.409  0.5814 0.8140 0.9302   0.524
1204 |  0.933  0.673  0.409  0.5814 0.8140 0.9302   0.524
1247 |  0.933  0.673  0.409  0.5814 0.8140 0.9302   0.524
1290 |  0.933  0.673  0.409  0.5814 0.8140 0.9302   0.524
1333 |  0.933  0.673  0.409  0.5814 0.8140 0.9302   0.524
1376 |  0.933  0.673  0.409  0.5814 0.8140 0.9302   0.524
1419 |  0.933  0.673  0.409  0.5814 0.8140 0.9302   0.524
1462 |  0.933  0.673  0.409  0.5814 0.8140 0.9302   0.524
1505 |  0.933  0.673  0.409  0.5814 0.8140 0.9302   0.524
1548 |  0.933  0.673  0.409  0.5814 0.8140 0.9302   0.524
1591 |  0.933  0.673  0.409  0.5814 0.8140 0.9302   0.524
1634 |  0.933  0.673  0.409  0.5814 0.8140 0.9302   0.524
1677 |  0.933  0.673  0.409  0.5814 0.8140 0.9302   0.524
1720 |  0.933  0.673  0.409  0.5814 0.8140 0.9302   0.524
1763 |  0.933  0.673  0.409  0.5814 0.8140 0.9302   0.524
1806 |  0.933  0.673  0.409  0.5814 0.8140 0.9302   0.524
1849 |  0.933  0.673  0.409  0.5814 0.8140 0.9302   0.524
1892 |  0.933  0.673  0.409  0.5814 0.8140 0.9302   0.524
1935 |  0.933  0.673  0.409  0.5814 0.8140 0.9302   0.524
1978 |  0.933  0.673  0.409  0.5814 0.8140 0.9302   0.524
2021 |  0.933  0.673  0.409  0.5814 0.8140 0.9302   0.524
2064 |  0.933  0.673  0.409  0.5814 0.8140 0.9302   0.524
2107 |  0.933  0.673  0.409  0.5814 0.8140 0.9302   0.524
 281 |  0.933  0.673  0.409  0.5814 0.8140 0.9302   0.524
#
