# Hydraprot_sorted/7a3h_A.pdb
# Protein CA rmsd=  0.000
#  N |   RMSD    Ave    Med   f<0.5  f<1.0  f<1.5
 129 |  4.939  3.196  0.575  0.4806 0.5504 0.5581   0.336
 258 |  1.998  1.069  0.366  0.6202 0.7674 0.8140   0.424
 387 |  1.087  0.660  0.341  0.6357 0.8372 0.8915   0.476
 516 |  0.875  0.571  0.341  0.6512 0.8605 0.9147   0.510
 645 |  0.875  0.571  0.341  0.6512 0.8605 0.9147   0.510
 774 |  0.875  0.571  0.341  0.6512 0.8605 0.9147   0.510
 903 |  0.875  0.571  0.341  0.6512 0.8605 0.9147   0.510
1032 |  0.875  0.571  0.341  0.6512 0.8605 0.9147   0.510
1161 |  0.875  0.571  0.341  0.6512 0.8605 0.9147   0.510
1290 |  0.875  0.571  0.341  0.6512 0.8605 0.9147   0.510
1419 |  0.875  0.571  0.341  0.6512 0.8605 0.9147   0.510
1548 |  0.875  0.571  0.341  0.6512 0.8605 0.9147   0.510
1677 |  0.875  0.571  0.341  0.6512 0.8605 0.9147   0.510
1806 |  0.875  0.571  0.341  0.6512 0.8605 0.9147   0.510
1935 |  0.875  0.571  0.341  0.6512 0.8605 0.9147   0.510
2064 |  0.875  0.571  0.341  0.6512 0.8605 0.9147   0.510
2193 |  0.875  0.571  0.341  0.6512 0.8605 0.9147   0.510
2322 |  0.875  0.571  0.341  0.6512 0.8605 0.9147   0.510
2451 |  0.875  0.571  0.341  0.6512 0.8605 0.9147   0.510
2580 |  0.875  0.571  0.341  0.6512 0.8605 0.9147   0.510
2709 |  0.875  0.571  0.341  0.6512 0.8605 0.9147   0.510
2838 |  0.875  0.571  0.341  0.6512 0.8605 0.9147   0.510
2967 |  0.875  0.571  0.341  0.6512 0.8605 0.9147   0.510
3096 |  0.875  0.571  0.341  0.6512 0.8605 0.9147   0.510
3225 |  0.875  0.571  0.341  0.6512 0.8605 0.9147   0.510
3354 |  0.875  0.571  0.341  0.6512 0.8605 0.9147   0.510
3483 |  0.875  0.571  0.341  0.6512 0.8605 0.9147   0.510
3612 |  0.875  0.571  0.341  0.6512 0.8605 0.9147   0.510
3741 |  0.875  0.571  0.341  0.6512 0.8605 0.9147   0.510
3870 |  0.875  0.571  0.341  0.6512 0.8605 0.9147   0.510
3999 |  0.875  0.571  0.341  0.6512 0.8605 0.9147   0.510
4128 |  0.875  0.571  0.341  0.6512 0.8605 0.9147   0.510
4257 |  0.875  0.571  0.341  0.6512 0.8605 0.9147   0.510
4386 |  0.875  0.571  0.341  0.6512 0.8605 0.9147   0.510
4515 |  0.875  0.571  0.341  0.6512 0.8605 0.9147   0.510
4644 |  0.875  0.571  0.341  0.6512 0.8605 0.9147   0.510
4773 |  0.875  0.571  0.341  0.6512 0.8605 0.9147   0.510
4902 |  0.875  0.571  0.341  0.6512 0.8605 0.9147   0.510
5031 |  0.875  0.571  0.341  0.6512 0.8605 0.9147   0.510
5160 |  0.875  0.571  0.341  0.6512 0.8605 0.9147   0.510
5289 |  0.875  0.571  0.341  0.6512 0.8605 0.9147   0.510
5418 |  0.875  0.571  0.341  0.6512 0.8605 0.9147   0.510
5547 |  0.875  0.571  0.341  0.6512 0.8605 0.9147   0.510
5676 |  0.875  0.571  0.341  0.6512 0.8605 0.9147   0.510
5805 |  0.875  0.571  0.341  0.6512 0.8605 0.9147   0.510
5934 |  0.875  0.571  0.341  0.6512 0.8605 0.9147   0.510
6063 |  0.875  0.571  0.341  0.6512 0.8605 0.9147   0.510
6192 |  0.875  0.571  0.341  0.6512 0.8605 0.9147   0.510
6321 |  0.875  0.571  0.341  0.6512 0.8605 0.9147   0.510
 526 |  0.875  0.571  0.341  0.6512 0.8605 0.9147   0.510
#
