# Superwater/superwater_010/1byi_A.pdb
# Protein CA rmsd=  0.000
#  N |   RMSD    Ave    Med   f<0.5  f<1.0  f<1.5
  87 |  5.964  4.498  3.392  0.1954 0.3793 0.3908   0.480
 174 |  3.354  2.177  0.869  0.2414 0.5517 0.6552   0.656
 261 |  3.354  2.177  0.869  0.2414 0.5517 0.6552   0.656
 348 |  3.354  2.177  0.869  0.2414 0.5517 0.6552   0.656
 435 |  3.354  2.177  0.869  0.2414 0.5517 0.6552   0.656
 522 |  3.354  2.177  0.869  0.2414 0.5517 0.6552   0.656
 609 |  3.354  2.177  0.869  0.2414 0.5517 0.6552   0.656
 696 |  3.354  2.177  0.869  0.2414 0.5517 0.6552   0.656
 783 |  3.354  2.177  0.869  0.2414 0.5517 0.6552   0.656
 870 |  3.354  2.177  0.869  0.2414 0.5517 0.6552   0.656
 957 |  3.354  2.177  0.869  0.2414 0.5517 0.6552   0.656
1044 |  3.354  2.177  0.869  0.2414 0.5517 0.6552   0.656
1131 |  3.354  2.177  0.869  0.2414 0.5517 0.6552   0.656
1218 |  3.354  2.177  0.869  0.2414 0.5517 0.6552   0.656
1305 |  3.354  2.177  0.869  0.2414 0.5517 0.6552   0.656
1392 |  3.354  2.177  0.869  0.2414 0.5517 0.6552   0.656
1479 |  3.354  2.177  0.869  0.2414 0.5517 0.6552   0.656
1566 |  3.354  2.177  0.869  0.2414 0.5517 0.6552   0.656
1653 |  3.354  2.177  0.869  0.2414 0.5517 0.6552   0.656
1740 |  3.354  2.177  0.869  0.2414 0.5517 0.6552   0.656
1827 |  3.354  2.177  0.869  0.2414 0.5517 0.6552   0.656
1914 |  3.354  2.177  0.869  0.2414 0.5517 0.6552   0.656
2001 |  3.354  2.177  0.869  0.2414 0.5517 0.6552   0.656
2088 |  3.354  2.177  0.869  0.2414 0.5517 0.6552   0.656
2175 |  3.354  2.177  0.869  0.2414 0.5517 0.6552   0.656
2262 |  3.354  2.177  0.869  0.2414 0.5517 0.6552   0.656
2349 |  3.354  2.177  0.869  0.2414 0.5517 0.6552   0.656
2436 |  3.354  2.177  0.869  0.2414 0.5517 0.6552   0.656
2523 |  3.354  2.177  0.869  0.2414 0.5517 0.6552   0.656
2610 |  3.354  2.177  0.869  0.2414 0.5517 0.6552   0.656
2697 |  3.354  2.177  0.869  0.2414 0.5517 0.6552   0.656
2784 |  3.354  2.177  0.869  0.2414 0.5517 0.6552   0.656
2871 |  3.354  2.177  0.869  0.2414 0.5517 0.6552   0.656
2958 |  3.354  2.177  0.869  0.2414 0.5517 0.6552   0.656
3045 |  3.354  2.177  0.869  0.2414 0.5517 0.6552   0.656
3132 |  3.354  2.177  0.869  0.2414 0.5517 0.6552   0.656
3219 |  3.354  2.177  0.869  0.2414 0.5517 0.6552   0.656
3306 |  3.354  2.177  0.869  0.2414 0.5517 0.6552   0.656
3393 |  3.354  2.177  0.869  0.2414 0.5517 0.6552   0.656
3480 |  3.354  2.177  0.869  0.2414 0.5517 0.6552   0.656
3567 |  3.354  2.177  0.869  0.2414 0.5517 0.6552   0.656
3654 |  3.354  2.177  0.869  0.2414 0.5517 0.6552   0.656
3741 |  3.354  2.177  0.869  0.2414 0.5517 0.6552   0.656
3828 |  3.354  2.177  0.869  0.2414 0.5517 0.6552   0.656
3915 |  3.354  2.177  0.869  0.2414 0.5517 0.6552   0.656
4002 |  3.354  2.177  0.869  0.2414 0.5517 0.6552   0.656
4089 |  3.354  2.177  0.869  0.2414 0.5517 0.6552   0.656
4176 |  3.354  2.177  0.869  0.2414 0.5517 0.6552   0.656
4263 |  3.354  2.177  0.869  0.2414 0.5517 0.6552   0.656
 160 |  3.354  2.177  0.869  0.2414 0.5517 0.6552   0.656
#
