# Superwater/superwater_010/1c7k_A.pdb
# Protein CA rmsd=  0.000
#  N |   RMSD    Ave    Med   f<0.5  f<1.0  f<1.5
  34 |  6.246  4.807  4.812  0.2647 0.3529 0.3824   0.577
  68 |  3.482  2.284  0.791  0.3529 0.5588 0.6176   0.658
 102 |  2.784  1.885  0.728  0.3529 0.5882 0.6471   0.661
 136 |  2.784  1.885  0.728  0.3529 0.5882 0.6471   0.661
 170 |  2.784  1.885  0.728  0.3529 0.5882 0.6471   0.661
 204 |  2.784  1.885  0.728  0.3529 0.5882 0.6471   0.661
 238 |  2.784  1.885  0.728  0.3529 0.5882 0.6471   0.661
 272 |  2.784  1.885  0.728  0.3529 0.5882 0.6471   0.661
 306 |  2.784  1.885  0.728  0.3529 0.5882 0.6471   0.661
 340 |  2.784  1.885  0.728  0.3529 0.5882 0.6471   0.661
 374 |  2.784  1.885  0.728  0.3529 0.5882 0.6471   0.661
 408 |  2.784  1.885  0.728  0.3529 0.5882 0.6471   0.661
 442 |  2.784  1.885  0.728  0.3529 0.5882 0.6471   0.661
 476 |  2.784  1.885  0.728  0.3529 0.5882 0.6471   0.661
 510 |  2.784  1.885  0.728  0.3529 0.5882 0.6471   0.661
 544 |  2.784  1.885  0.728  0.3529 0.5882 0.6471   0.661
 578 |  2.784  1.885  0.728  0.3529 0.5882 0.6471   0.661
 612 |  2.784  1.885  0.728  0.3529 0.5882 0.6471   0.661
 646 |  2.784  1.885  0.728  0.3529 0.5882 0.6471   0.661
 680 |  2.784  1.885  0.728  0.3529 0.5882 0.6471   0.661
 714 |  2.784  1.885  0.728  0.3529 0.5882 0.6471   0.661
 748 |  2.784  1.885  0.728  0.3529 0.5882 0.6471   0.661
 782 |  2.784  1.885  0.728  0.3529 0.5882 0.6471   0.661
 816 |  2.784  1.885  0.728  0.3529 0.5882 0.6471   0.661
 850 |  2.784  1.885  0.728  0.3529 0.5882 0.6471   0.661
 884 |  2.784  1.885  0.728  0.3529 0.5882 0.6471   0.661
 918 |  2.784  1.885  0.728  0.3529 0.5882 0.6471   0.661
 952 |  2.784  1.885  0.728  0.3529 0.5882 0.6471   0.661
 986 |  2.784  1.885  0.728  0.3529 0.5882 0.6471   0.661
1020 |  2.784  1.885  0.728  0.3529 0.5882 0.6471   0.661
1054 |  2.784  1.885  0.728  0.3529 0.5882 0.6471   0.661
1088 |  2.784  1.885  0.728  0.3529 0.5882 0.6471   0.661
1122 |  2.784  1.885  0.728  0.3529 0.5882 0.6471   0.661
1156 |  2.784  1.885  0.728  0.3529 0.5882 0.6471   0.661
1190 |  2.784  1.885  0.728  0.3529 0.5882 0.6471   0.661
1224 |  2.784  1.885  0.728  0.3529 0.5882 0.6471   0.661
1258 |  2.784  1.885  0.728  0.3529 0.5882 0.6471   0.661
1292 |  2.784  1.885  0.728  0.3529 0.5882 0.6471   0.661
1326 |  2.784  1.885  0.728  0.3529 0.5882 0.6471   0.661
1360 |  2.784  1.885  0.728  0.3529 0.5882 0.6471   0.661
1394 |  2.784  1.885  0.728  0.3529 0.5882 0.6471   0.661
1428 |  2.784  1.885  0.728  0.3529 0.5882 0.6471   0.661
1462 |  2.784  1.885  0.728  0.3529 0.5882 0.6471   0.661
1496 |  2.784  1.885  0.728  0.3529 0.5882 0.6471   0.661
1530 |  2.784  1.885  0.728  0.3529 0.5882 0.6471   0.661
1564 |  2.784  1.885  0.728  0.3529 0.5882 0.6471   0.661
1598 |  2.784  1.885  0.728  0.3529 0.5882 0.6471   0.661
1632 |  2.784  1.885  0.728  0.3529 0.5882 0.6471   0.661
1666 |  2.784  1.885  0.728  0.3529 0.5882 0.6471   0.661
  76 |  2.784  1.885  0.728  0.3529 0.5882 0.6471   0.661
#
