# Superwater/superwater_010/1eb6_A.pdb
# Protein CA rmsd=  0.000
#  N |   RMSD    Ave    Med   f<0.5  f<1.0  f<1.5
  67 |  5.753  4.228  3.464  0.3134 0.4179 0.4328   0.423
 134 |  3.411  1.990  0.603  0.4030 0.6269 0.6866   0.550
 201 |  2.877  1.728  0.598  0.4030 0.6418 0.7015   0.551
 268 |  2.877  1.728  0.598  0.4030 0.6418 0.7015   0.551
 335 |  2.877  1.728  0.598  0.4030 0.6418 0.7015   0.551
 402 |  2.877  1.728  0.598  0.4030 0.6418 0.7015   0.551
 469 |  2.877  1.728  0.598  0.4030 0.6418 0.7015   0.551
 536 |  2.877  1.728  0.598  0.4030 0.6418 0.7015   0.551
 603 |  2.877  1.728  0.598  0.4030 0.6418 0.7015   0.551
 670 |  2.877  1.728  0.598  0.4030 0.6418 0.7015   0.551
 737 |  2.877  1.728  0.598  0.4030 0.6418 0.7015   0.551
 804 |  2.877  1.728  0.598  0.4030 0.6418 0.7015   0.551
 871 |  2.877  1.728  0.598  0.4030 0.6418 0.7015   0.551
 938 |  2.877  1.728  0.598  0.4030 0.6418 0.7015   0.551
1005 |  2.877  1.728  0.598  0.4030 0.6418 0.7015   0.551
1072 |  2.877  1.728  0.598  0.4030 0.6418 0.7015   0.551
1139 |  2.877  1.728  0.598  0.4030 0.6418 0.7015   0.551
1206 |  2.877  1.728  0.598  0.4030 0.6418 0.7015   0.551
1273 |  2.877  1.728  0.598  0.4030 0.6418 0.7015   0.551
1340 |  2.877  1.728  0.598  0.4030 0.6418 0.7015   0.551
1407 |  2.877  1.728  0.598  0.4030 0.6418 0.7015   0.551
1474 |  2.877  1.728  0.598  0.4030 0.6418 0.7015   0.551
1541 |  2.877  1.728  0.598  0.4030 0.6418 0.7015   0.551
1608 |  2.877  1.728  0.598  0.4030 0.6418 0.7015   0.551
1675 |  2.877  1.728  0.598  0.4030 0.6418 0.7015   0.551
1742 |  2.877  1.728  0.598  0.4030 0.6418 0.7015   0.551
1809 |  2.877  1.728  0.598  0.4030 0.6418 0.7015   0.551
1876 |  2.877  1.728  0.598  0.4030 0.6418 0.7015   0.551
1943 |  2.877  1.728  0.598  0.4030 0.6418 0.7015   0.551
2010 |  2.877  1.728  0.598  0.4030 0.6418 0.7015   0.551
2077 |  2.877  1.728  0.598  0.4030 0.6418 0.7015   0.551
2144 |  2.877  1.728  0.598  0.4030 0.6418 0.7015   0.551
2211 |  2.877  1.728  0.598  0.4030 0.6418 0.7015   0.551
2278 |  2.877  1.728  0.598  0.4030 0.6418 0.7015   0.551
2345 |  2.877  1.728  0.598  0.4030 0.6418 0.7015   0.551
2412 |  2.877  1.728  0.598  0.4030 0.6418 0.7015   0.551
2479 |  2.877  1.728  0.598  0.4030 0.6418 0.7015   0.551
2546 |  2.877  1.728  0.598  0.4030 0.6418 0.7015   0.551
2613 |  2.877  1.728  0.598  0.4030 0.6418 0.7015   0.551
2680 |  2.877  1.728  0.598  0.4030 0.6418 0.7015   0.551
2747 |  2.877  1.728  0.598  0.4030 0.6418 0.7015   0.551
2814 |  2.877  1.728  0.598  0.4030 0.6418 0.7015   0.551
2881 |  2.877  1.728  0.598  0.4030 0.6418 0.7015   0.551
2948 |  2.877  1.728  0.598  0.4030 0.6418 0.7015   0.551
3015 |  2.877  1.728  0.598  0.4030 0.6418 0.7015   0.551
3082 |  2.877  1.728  0.598  0.4030 0.6418 0.7015   0.551
3149 |  2.877  1.728  0.598  0.4030 0.6418 0.7015   0.551
3216 |  2.877  1.728  0.598  0.4030 0.6418 0.7015   0.551
3283 |  2.877  1.728  0.598  0.4030 0.6418 0.7015   0.551
 144 |  2.877  1.728  0.598  0.4030 0.6418 0.7015   0.551
#
