# Superwater/superwater_010/1g66_A.pdb
# Protein CA rmsd=  0.000
#  N |   RMSD    Ave    Med   f<0.5  f<1.0  f<1.5
  71 |  5.570  3.988  3.044  0.3380 0.4507 0.4507   0.477
 142 |  3.019  1.825  0.749  0.3803 0.5915 0.6901   0.627
 213 |  3.019  1.825  0.749  0.3803 0.5915 0.6901   0.627
 284 |  3.019  1.825  0.749  0.3803 0.5915 0.6901   0.627
 355 |  3.019  1.825  0.749  0.3803 0.5915 0.6901   0.627
 426 |  3.019  1.825  0.749  0.3803 0.5915 0.6901   0.627
 497 |  3.019  1.825  0.749  0.3803 0.5915 0.6901   0.627
 568 |  3.019  1.825  0.749  0.3803 0.5915 0.6901   0.627
 639 |  3.019  1.825  0.749  0.3803 0.5915 0.6901   0.627
 710 |  3.019  1.825  0.749  0.3803 0.5915 0.6901   0.627
 781 |  3.019  1.825  0.749  0.3803 0.5915 0.6901   0.627
 852 |  3.019  1.825  0.749  0.3803 0.5915 0.6901   0.627
 923 |  3.019  1.825  0.749  0.3803 0.5915 0.6901   0.627
 994 |  3.019  1.825  0.749  0.3803 0.5915 0.6901   0.627
1065 |  3.019  1.825  0.749  0.3803 0.5915 0.6901   0.627
1136 |  3.019  1.825  0.749  0.3803 0.5915 0.6901   0.627
1207 |  3.019  1.825  0.749  0.3803 0.5915 0.6901   0.627
1278 |  3.019  1.825  0.749  0.3803 0.5915 0.6901   0.627
1349 |  3.019  1.825  0.749  0.3803 0.5915 0.6901   0.627
1420 |  3.019  1.825  0.749  0.3803 0.5915 0.6901   0.627
1491 |  3.019  1.825  0.749  0.3803 0.5915 0.6901   0.627
1562 |  3.019  1.825  0.749  0.3803 0.5915 0.6901   0.627
1633 |  3.019  1.825  0.749  0.3803 0.5915 0.6901   0.627
1704 |  3.019  1.825  0.749  0.3803 0.5915 0.6901   0.627
1775 |  3.019  1.825  0.749  0.3803 0.5915 0.6901   0.627
1846 |  3.019  1.825  0.749  0.3803 0.5915 0.6901   0.627
1917 |  3.019  1.825  0.749  0.3803 0.5915 0.6901   0.627
1988 |  3.019  1.825  0.749  0.3803 0.5915 0.6901   0.627
2059 |  3.019  1.825  0.749  0.3803 0.5915 0.6901   0.627
2130 |  3.019  1.825  0.749  0.3803 0.5915 0.6901   0.627
2201 |  3.019  1.825  0.749  0.3803 0.5915 0.6901   0.627
2272 |  3.019  1.825  0.749  0.3803 0.5915 0.6901   0.627
2343 |  3.019  1.825  0.749  0.3803 0.5915 0.6901   0.627
2414 |  3.019  1.825  0.749  0.3803 0.5915 0.6901   0.627
2485 |  3.019  1.825  0.749  0.3803 0.5915 0.6901   0.627
2556 |  3.019  1.825  0.749  0.3803 0.5915 0.6901   0.627
2627 |  3.019  1.825  0.749  0.3803 0.5915 0.6901   0.627
2698 |  3.019  1.825  0.749  0.3803 0.5915 0.6901   0.627
2769 |  3.019  1.825  0.749  0.3803 0.5915 0.6901   0.627
2840 |  3.019  1.825  0.749  0.3803 0.5915 0.6901   0.627
2911 |  3.019  1.825  0.749  0.3803 0.5915 0.6901   0.627
2982 |  3.019  1.825  0.749  0.3803 0.5915 0.6901   0.627
3053 |  3.019  1.825  0.749  0.3803 0.5915 0.6901   0.627
3124 |  3.019  1.825  0.749  0.3803 0.5915 0.6901   0.627
3195 |  3.019  1.825  0.749  0.3803 0.5915 0.6901   0.627
3266 |  3.019  1.825  0.749  0.3803 0.5915 0.6901   0.627
3337 |  3.019  1.825  0.749  0.3803 0.5915 0.6901   0.627
3408 |  3.019  1.825  0.749  0.3803 0.5915 0.6901   0.627
3479 |  3.019  1.825  0.749  0.3803 0.5915 0.6901   0.627
 141 |  3.019  1.825  0.749  0.3803 0.5915 0.6901   0.627
#
