# Superwater/superwater_010/1ga6_A.pdb
# Protein CA rmsd=  0.000
#  N |   RMSD    Ave    Med   f<0.5  f<1.0  f<1.5
 121 |  5.128  3.602  2.717  0.3058 0.4628 0.4876   0.459
 242 |  2.215  1.380  0.568  0.4050 0.6694 0.7603   0.573
 363 |  2.176  1.341  0.568  0.4050 0.6777 0.7769   0.596
 484 |  2.176  1.341  0.568  0.4050 0.6777 0.7769   0.596
 605 |  2.176  1.341  0.568  0.4050 0.6777 0.7769   0.596
 726 |  2.176  1.341  0.568  0.4050 0.6777 0.7769   0.596
 847 |  2.176  1.341  0.568  0.4050 0.6777 0.7769   0.596
 968 |  2.176  1.341  0.568  0.4050 0.6777 0.7769   0.596
1089 |  2.176  1.341  0.568  0.4050 0.6777 0.7769   0.596
1210 |  2.176  1.341  0.568  0.4050 0.6777 0.7769   0.596
1331 |  2.176  1.341  0.568  0.4050 0.6777 0.7769   0.596
1452 |  2.176  1.341  0.568  0.4050 0.6777 0.7769   0.596
1573 |  2.176  1.341  0.568  0.4050 0.6777 0.7769   0.596
1694 |  2.176  1.341  0.568  0.4050 0.6777 0.7769   0.596
1815 |  2.176  1.341  0.568  0.4050 0.6777 0.7769   0.596
1936 |  2.176  1.341  0.568  0.4050 0.6777 0.7769   0.596
2057 |  2.176  1.341  0.568  0.4050 0.6777 0.7769   0.596
2178 |  2.176  1.341  0.568  0.4050 0.6777 0.7769   0.596
2299 |  2.176  1.341  0.568  0.4050 0.6777 0.7769   0.596
2420 |  2.176  1.341  0.568  0.4050 0.6777 0.7769   0.596
2541 |  2.176  1.341  0.568  0.4050 0.6777 0.7769   0.596
2662 |  2.176  1.341  0.568  0.4050 0.6777 0.7769   0.596
2783 |  2.176  1.341  0.568  0.4050 0.6777 0.7769   0.596
2904 |  2.176  1.341  0.568  0.4050 0.6777 0.7769   0.596
3025 |  2.176  1.341  0.568  0.4050 0.6777 0.7769   0.596
3146 |  2.176  1.341  0.568  0.4050 0.6777 0.7769   0.596
3267 |  2.176  1.341  0.568  0.4050 0.6777 0.7769   0.596
3388 |  2.176  1.341  0.568  0.4050 0.6777 0.7769   0.596
3509 |  2.176  1.341  0.568  0.4050 0.6777 0.7769   0.596
3630 |  2.176  1.341  0.568  0.4050 0.6777 0.7769   0.596
3751 |  2.176  1.341  0.568  0.4050 0.6777 0.7769   0.596
3872 |  2.176  1.341  0.568  0.4050 0.6777 0.7769   0.596
3993 |  2.176  1.341  0.568  0.4050 0.6777 0.7769   0.596
4114 |  2.176  1.341  0.568  0.4050 0.6777 0.7769   0.596
4235 |  2.176  1.341  0.568  0.4050 0.6777 0.7769   0.596
4356 |  2.176  1.341  0.568  0.4050 0.6777 0.7769   0.596
4477 |  2.176  1.341  0.568  0.4050 0.6777 0.7769   0.596
4598 |  2.176  1.341  0.568  0.4050 0.6777 0.7769   0.596
4719 |  2.176  1.341  0.568  0.4050 0.6777 0.7769   0.596
4840 |  2.176  1.341  0.568  0.4050 0.6777 0.7769   0.596
4961 |  2.176  1.341  0.568  0.4050 0.6777 0.7769   0.596
5082 |  2.176  1.341  0.568  0.4050 0.6777 0.7769   0.596
5203 |  2.176  1.341  0.568  0.4050 0.6777 0.7769   0.596
5324 |  2.176  1.341  0.568  0.4050 0.6777 0.7769   0.596
5445 |  2.176  1.341  0.568  0.4050 0.6777 0.7769   0.596
5566 |  2.176  1.341  0.568  0.4050 0.6777 0.7769   0.596
5687 |  2.176  1.341  0.568  0.4050 0.6777 0.7769   0.596
5808 |  2.176  1.341  0.568  0.4050 0.6777 0.7769   0.596
5929 |  2.176  1.341  0.568  0.4050 0.6777 0.7769   0.596
 268 |  2.176  1.341  0.568  0.4050 0.6777 0.7769   0.596
#
