# Superwater/superwater_010/1gci_A.pdb
# Protein CA rmsd=  0.000
#  N |   RMSD    Ave    Med   f<0.5  f<1.0  f<1.5
  98 |  5.471  4.007  2.938  0.3061 0.4184 0.4286   0.415
 196 |  2.753  1.807  0.682  0.3878 0.6327 0.6939   0.537
 294 |  2.753  1.807  0.682  0.3878 0.6327 0.6939   0.537
 392 |  2.753  1.807  0.682  0.3878 0.6327 0.6939   0.537
 490 |  2.753  1.807  0.682  0.3878 0.6327 0.6939   0.537
 588 |  2.753  1.807  0.682  0.3878 0.6327 0.6939   0.537
 686 |  2.753  1.807  0.682  0.3878 0.6327 0.6939   0.537
 784 |  2.753  1.807  0.682  0.3878 0.6327 0.6939   0.537
 882 |  2.753  1.807  0.682  0.3878 0.6327 0.6939   0.537
 980 |  2.753  1.807  0.682  0.3878 0.6327 0.6939   0.537
1078 |  2.753  1.807  0.682  0.3878 0.6327 0.6939   0.537
1176 |  2.753  1.807  0.682  0.3878 0.6327 0.6939   0.537
1274 |  2.753  1.807  0.682  0.3878 0.6327 0.6939   0.537
1372 |  2.753  1.807  0.682  0.3878 0.6327 0.6939   0.537
1470 |  2.753  1.807  0.682  0.3878 0.6327 0.6939   0.537
1568 |  2.753  1.807  0.682  0.3878 0.6327 0.6939   0.537
1666 |  2.753  1.807  0.682  0.3878 0.6327 0.6939   0.537
1764 |  2.753  1.807  0.682  0.3878 0.6327 0.6939   0.537
1862 |  2.753  1.807  0.682  0.3878 0.6327 0.6939   0.537
1960 |  2.753  1.807  0.682  0.3878 0.6327 0.6939   0.537
2058 |  2.753  1.807  0.682  0.3878 0.6327 0.6939   0.537
2156 |  2.753  1.807  0.682  0.3878 0.6327 0.6939   0.537
2254 |  2.753  1.807  0.682  0.3878 0.6327 0.6939   0.537
2352 |  2.753  1.807  0.682  0.3878 0.6327 0.6939   0.537
2450 |  2.753  1.807  0.682  0.3878 0.6327 0.6939   0.537
2548 |  2.753  1.807  0.682  0.3878 0.6327 0.6939   0.537
2646 |  2.753  1.807  0.682  0.3878 0.6327 0.6939   0.537
2744 |  2.753  1.807  0.682  0.3878 0.6327 0.6939   0.537
2842 |  2.753  1.807  0.682  0.3878 0.6327 0.6939   0.537
2940 |  2.753  1.807  0.682  0.3878 0.6327 0.6939   0.537
3038 |  2.753  1.807  0.682  0.3878 0.6327 0.6939   0.537
3136 |  2.753  1.807  0.682  0.3878 0.6327 0.6939   0.537
3234 |  2.753  1.807  0.682  0.3878 0.6327 0.6939   0.537
3332 |  2.753  1.807  0.682  0.3878 0.6327 0.6939   0.537
3430 |  2.753  1.807  0.682  0.3878 0.6327 0.6939   0.537
3528 |  2.753  1.807  0.682  0.3878 0.6327 0.6939   0.537
3626 |  2.753  1.807  0.682  0.3878 0.6327 0.6939   0.537
3724 |  2.753  1.807  0.682  0.3878 0.6327 0.6939   0.537
3822 |  2.753  1.807  0.682  0.3878 0.6327 0.6939   0.537
3920 |  2.753  1.807  0.682  0.3878 0.6327 0.6939   0.537
4018 |  2.753  1.807  0.682  0.3878 0.6327 0.6939   0.537
4116 |  2.753  1.807  0.682  0.3878 0.6327 0.6939   0.537
4214 |  2.753  1.807  0.682  0.3878 0.6327 0.6939   0.537
4312 |  2.753  1.807  0.682  0.3878 0.6327 0.6939   0.537
4410 |  2.753  1.807  0.682  0.3878 0.6327 0.6939   0.537
4508 |  2.753  1.807  0.682  0.3878 0.6327 0.6939   0.537
4606 |  2.753  1.807  0.682  0.3878 0.6327 0.6939   0.537
4704 |  2.753  1.807  0.682  0.3878 0.6327 0.6939   0.537
4802 |  2.753  1.807  0.682  0.3878 0.6327 0.6939   0.537
 190 |  2.753  1.807  0.682  0.3878 0.6327 0.6939   0.537
#
