# Superwater/superwater_010/1i1w_A.pdb
# Protein CA rmsd=  0.000
#  N |   RMSD    Ave    Med   f<0.5  f<1.0  f<1.5
 127 |  5.405  3.918  3.234  0.2835 0.4409 0.4488   0.540
 254 |  3.788  2.480  0.880  0.3386 0.5669 0.5827   0.614
 381 |  3.788  2.480  0.880  0.3386 0.5669 0.5827   0.614
 508 |  3.788  2.480  0.880  0.3386 0.5669 0.5827   0.614
 635 |  3.788  2.480  0.880  0.3386 0.5669 0.5827   0.614
 762 |  3.788  2.480  0.880  0.3386 0.5669 0.5827   0.614
 889 |  3.788  2.480  0.880  0.3386 0.5669 0.5827   0.614
1016 |  3.788  2.480  0.880  0.3386 0.5669 0.5827   0.614
1143 |  3.788  2.480  0.880  0.3386 0.5669 0.5827   0.614
1270 |  3.788  2.480  0.880  0.3386 0.5669 0.5827   0.614
1397 |  3.788  2.480  0.880  0.3386 0.5669 0.5827   0.614
1524 |  3.788  2.480  0.880  0.3386 0.5669 0.5827   0.614
1651 |  3.788  2.480  0.880  0.3386 0.5669 0.5827   0.614
1778 |  3.788  2.480  0.880  0.3386 0.5669 0.5827   0.614
1905 |  3.788  2.480  0.880  0.3386 0.5669 0.5827   0.614
2032 |  3.788  2.480  0.880  0.3386 0.5669 0.5827   0.614
2159 |  3.788  2.480  0.880  0.3386 0.5669 0.5827   0.614
2286 |  3.788  2.480  0.880  0.3386 0.5669 0.5827   0.614
2413 |  3.788  2.480  0.880  0.3386 0.5669 0.5827   0.614
2540 |  3.788  2.480  0.880  0.3386 0.5669 0.5827   0.614
2667 |  3.788  2.480  0.880  0.3386 0.5669 0.5827   0.614
2794 |  3.788  2.480  0.880  0.3386 0.5669 0.5827   0.614
2921 |  3.788  2.480  0.880  0.3386 0.5669 0.5827   0.614
3048 |  3.788  2.480  0.880  0.3386 0.5669 0.5827   0.614
3175 |  3.788  2.480  0.880  0.3386 0.5669 0.5827   0.614
3302 |  3.788  2.480  0.880  0.3386 0.5669 0.5827   0.614
3429 |  3.788  2.480  0.880  0.3386 0.5669 0.5827   0.614
3556 |  3.788  2.480  0.880  0.3386 0.5669 0.5827   0.614
3683 |  3.788  2.480  0.880  0.3386 0.5669 0.5827   0.614
3810 |  3.788  2.480  0.880  0.3386 0.5669 0.5827   0.614
3937 |  3.788  2.480  0.880  0.3386 0.5669 0.5827   0.614
4064 |  3.788  2.480  0.880  0.3386 0.5669 0.5827   0.614
4191 |  3.788  2.480  0.880  0.3386 0.5669 0.5827   0.614
4318 |  3.788  2.480  0.880  0.3386 0.5669 0.5827   0.614
4445 |  3.788  2.480  0.880  0.3386 0.5669 0.5827   0.614
4572 |  3.788  2.480  0.880  0.3386 0.5669 0.5827   0.614
4699 |  3.788  2.480  0.880  0.3386 0.5669 0.5827   0.614
4826 |  3.788  2.480  0.880  0.3386 0.5669 0.5827   0.614
4953 |  3.788  2.480  0.880  0.3386 0.5669 0.5827   0.614
5080 |  3.788  2.480  0.880  0.3386 0.5669 0.5827   0.614
5207 |  3.788  2.480  0.880  0.3386 0.5669 0.5827   0.614
5334 |  3.788  2.480  0.880  0.3386 0.5669 0.5827   0.614
5461 |  3.788  2.480  0.880  0.3386 0.5669 0.5827   0.614
5588 |  3.788  2.480  0.880  0.3386 0.5669 0.5827   0.614
5715 |  3.788  2.480  0.880  0.3386 0.5669 0.5827   0.614
5842 |  3.788  2.480  0.880  0.3386 0.5669 0.5827   0.614
5969 |  3.788  2.480  0.880  0.3386 0.5669 0.5827   0.614
6096 |  3.788  2.480  0.880  0.3386 0.5669 0.5827   0.614
6223 |  3.788  2.480  0.880  0.3386 0.5669 0.5827   0.614
 204 |  3.788  2.480  0.880  0.3386 0.5669 0.5827   0.614
#
