# Superwater/superwater_010/1ix9_A.pdb
# Protein CA rmsd=  0.000
#  N |   RMSD    Ave    Med   f<0.5  f<1.0  f<1.5
 100 |  5.603  4.128  3.240  0.2900 0.4000 0.4300   0.458
 200 |  3.566  2.239  0.692  0.3500 0.5900 0.6600   0.551
 300 |  3.566  2.239  0.692  0.3500 0.5900 0.6600   0.551
 400 |  3.566  2.239  0.692  0.3500 0.5900 0.6600   0.551
 500 |  3.566  2.239  0.692  0.3500 0.5900 0.6600   0.551
 600 |  3.566  2.239  0.692  0.3500 0.5900 0.6600   0.551
 700 |  3.566  2.239  0.692  0.3500 0.5900 0.6600   0.551
 800 |  3.566  2.239  0.692  0.3500 0.5900 0.6600   0.551
 900 |  3.566  2.239  0.692  0.3500 0.5900 0.6600   0.551
1000 |  3.566  2.239  0.692  0.3500 0.5900 0.6600   0.551
1100 |  3.566  2.239  0.692  0.3500 0.5900 0.6600   0.551
1200 |  3.566  2.239  0.692  0.3500 0.5900 0.6600   0.551
1300 |  3.566  2.239  0.692  0.3500 0.5900 0.6600   0.551
1400 |  3.566  2.239  0.692  0.3500 0.5900 0.6600   0.551
1500 |  3.566  2.239  0.692  0.3500 0.5900 0.6600   0.551
1600 |  3.566  2.239  0.692  0.3500 0.5900 0.6600   0.551
1700 |  3.566  2.239  0.692  0.3500 0.5900 0.6600   0.551
1800 |  3.566  2.239  0.692  0.3500 0.5900 0.6600   0.551
1900 |  3.566  2.239  0.692  0.3500 0.5900 0.6600   0.551
2000 |  3.566  2.239  0.692  0.3500 0.5900 0.6600   0.551
2100 |  3.566  2.239  0.692  0.3500 0.5900 0.6600   0.551
2200 |  3.566  2.239  0.692  0.3500 0.5900 0.6600   0.551
2300 |  3.566  2.239  0.692  0.3500 0.5900 0.6600   0.551
2400 |  3.566  2.239  0.692  0.3500 0.5900 0.6600   0.551
2500 |  3.566  2.239  0.692  0.3500 0.5900 0.6600   0.551
2600 |  3.566  2.239  0.692  0.3500 0.5900 0.6600   0.551
2700 |  3.566  2.239  0.692  0.3500 0.5900 0.6600   0.551
2800 |  3.566  2.239  0.692  0.3500 0.5900 0.6600   0.551
2900 |  3.566  2.239  0.692  0.3500 0.5900 0.6600   0.551
3000 |  3.566  2.239  0.692  0.3500 0.5900 0.6600   0.551
3100 |  3.566  2.239  0.692  0.3500 0.5900 0.6600   0.551
3200 |  3.566  2.239  0.692  0.3500 0.5900 0.6600   0.551
3300 |  3.566  2.239  0.692  0.3500 0.5900 0.6600   0.551
3400 |  3.566  2.239  0.692  0.3500 0.5900 0.6600   0.551
3500 |  3.566  2.239  0.692  0.3500 0.5900 0.6600   0.551
3600 |  3.566  2.239  0.692  0.3500 0.5900 0.6600   0.551
3700 |  3.566  2.239  0.692  0.3500 0.5900 0.6600   0.551
3800 |  3.566  2.239  0.692  0.3500 0.5900 0.6600   0.551
3900 |  3.566  2.239  0.692  0.3500 0.5900 0.6600   0.551
4000 |  3.566  2.239  0.692  0.3500 0.5900 0.6600   0.551
4100 |  3.566  2.239  0.692  0.3500 0.5900 0.6600   0.551
4200 |  3.566  2.239  0.692  0.3500 0.5900 0.6600   0.551
4300 |  3.566  2.239  0.692  0.3500 0.5900 0.6600   0.551
4400 |  3.566  2.239  0.692  0.3500 0.5900 0.6600   0.551
4500 |  3.566  2.239  0.692  0.3500 0.5900 0.6600   0.551
4600 |  3.566  2.239  0.692  0.3500 0.5900 0.6600   0.551
4700 |  3.566  2.239  0.692  0.3500 0.5900 0.6600   0.551
4800 |  3.566  2.239  0.692  0.3500 0.5900 0.6600   0.551
4900 |  3.566  2.239  0.692  0.3500 0.5900 0.6600   0.551
 179 |  3.566  2.239  0.692  0.3500 0.5900 0.6600   0.551
#
