# Superwater/superwater_010/1j0p_A.pdb
# Protein CA rmsd=  0.000
#  N |   RMSD    Ave    Med   f<0.5  f<1.0  f<1.5
  46 |  5.461  3.948  3.084  0.2609 0.4348 0.4783   0.526
  92 |  3.554  2.239  0.769  0.3043 0.5870 0.6522   0.651
 138 |  3.504  2.176  0.769  0.3043 0.5870 0.6739   0.669
 184 |  3.504  2.176  0.769  0.3043 0.5870 0.6739   0.669
 230 |  3.504  2.176  0.769  0.3043 0.5870 0.6739   0.669
 276 |  3.504  2.176  0.769  0.3043 0.5870 0.6739   0.669
 322 |  3.504  2.176  0.769  0.3043 0.5870 0.6739   0.669
 368 |  3.504  2.176  0.769  0.3043 0.5870 0.6739   0.669
 414 |  3.504  2.176  0.769  0.3043 0.5870 0.6739   0.669
 460 |  3.504  2.176  0.769  0.3043 0.5870 0.6739   0.669
 506 |  3.504  2.176  0.769  0.3043 0.5870 0.6739   0.669
 552 |  3.504  2.176  0.769  0.3043 0.5870 0.6739   0.669
 598 |  3.504  2.176  0.769  0.3043 0.5870 0.6739   0.669
 644 |  3.504  2.176  0.769  0.3043 0.5870 0.6739   0.669
 690 |  3.504  2.176  0.769  0.3043 0.5870 0.6739   0.669
 736 |  3.504  2.176  0.769  0.3043 0.5870 0.6739   0.669
 782 |  3.504  2.176  0.769  0.3043 0.5870 0.6739   0.669
 828 |  3.504  2.176  0.769  0.3043 0.5870 0.6739   0.669
 874 |  3.504  2.176  0.769  0.3043 0.5870 0.6739   0.669
 920 |  3.504  2.176  0.769  0.3043 0.5870 0.6739   0.669
 966 |  3.504  2.176  0.769  0.3043 0.5870 0.6739   0.669
1012 |  3.504  2.176  0.769  0.3043 0.5870 0.6739   0.669
1058 |  3.504  2.176  0.769  0.3043 0.5870 0.6739   0.669
1104 |  3.504  2.176  0.769  0.3043 0.5870 0.6739   0.669
1150 |  3.504  2.176  0.769  0.3043 0.5870 0.6739   0.669
1196 |  3.504  2.176  0.769  0.3043 0.5870 0.6739   0.669
1242 |  3.504  2.176  0.769  0.3043 0.5870 0.6739   0.669
1288 |  3.504  2.176  0.769  0.3043 0.5870 0.6739   0.669
1334 |  3.504  2.176  0.769  0.3043 0.5870 0.6739   0.669
1380 |  3.504  2.176  0.769  0.3043 0.5870 0.6739   0.669
1426 |  3.504  2.176  0.769  0.3043 0.5870 0.6739   0.669
1472 |  3.504  2.176  0.769  0.3043 0.5870 0.6739   0.669
1518 |  3.504  2.176  0.769  0.3043 0.5870 0.6739   0.669
1564 |  3.504  2.176  0.769  0.3043 0.5870 0.6739   0.669
1610 |  3.504  2.176  0.769  0.3043 0.5870 0.6739   0.669
1656 |  3.504  2.176  0.769  0.3043 0.5870 0.6739   0.669
1702 |  3.504  2.176  0.769  0.3043 0.5870 0.6739   0.669
1748 |  3.504  2.176  0.769  0.3043 0.5870 0.6739   0.669
1794 |  3.504  2.176  0.769  0.3043 0.5870 0.6739   0.669
1840 |  3.504  2.176  0.769  0.3043 0.5870 0.6739   0.669
1886 |  3.504  2.176  0.769  0.3043 0.5870 0.6739   0.669
1932 |  3.504  2.176  0.769  0.3043 0.5870 0.6739   0.669
1978 |  3.504  2.176  0.769  0.3043 0.5870 0.6739   0.669
2024 |  3.504  2.176  0.769  0.3043 0.5870 0.6739   0.669
2070 |  3.504  2.176  0.769  0.3043 0.5870 0.6739   0.669
2116 |  3.504  2.176  0.769  0.3043 0.5870 0.6739   0.669
2162 |  3.504  2.176  0.769  0.3043 0.5870 0.6739   0.669
2208 |  3.504  2.176  0.769  0.3043 0.5870 0.6739   0.669
2254 |  3.504  2.176  0.769  0.3043 0.5870 0.6739   0.669
  94 |  3.504  2.176  0.769  0.3043 0.5870 0.6739   0.669
#
