# Superwater/superwater_010/1jfb_A.pdb
# Protein CA rmsd=  0.000
#  N |   RMSD    Ave    Med   f<0.5  f<1.0  f<1.5
 184 |  4.965  3.516  2.510  0.3261 0.4348 0.4620   0.491
 368 |  2.485  1.598  0.691  0.3967 0.6196 0.6848   0.603
 552 |  2.259  1.426  0.655  0.4022 0.6522 0.7174   0.613
 736 |  2.259  1.426  0.655  0.4022 0.6522 0.7174   0.613
 920 |  2.259  1.426  0.655  0.4022 0.6522 0.7174   0.613
1104 |  2.259  1.426  0.655  0.4022 0.6522 0.7174   0.613
1288 |  2.259  1.426  0.655  0.4022 0.6522 0.7174   0.613
1472 |  2.259  1.426  0.655  0.4022 0.6522 0.7174   0.613
1656 |  2.259  1.426  0.655  0.4022 0.6522 0.7174   0.613
1840 |  2.259  1.426  0.655  0.4022 0.6522 0.7174   0.613
2024 |  2.259  1.426  0.655  0.4022 0.6522 0.7174   0.613
2208 |  2.259  1.426  0.655  0.4022 0.6522 0.7174   0.613
2392 |  2.259  1.426  0.655  0.4022 0.6522 0.7174   0.613
2576 |  2.259  1.426  0.655  0.4022 0.6522 0.7174   0.613
2760 |  2.259  1.426  0.655  0.4022 0.6522 0.7174   0.613
2944 |  2.259  1.426  0.655  0.4022 0.6522 0.7174   0.613
3128 |  2.259  1.426  0.655  0.4022 0.6522 0.7174   0.613
3312 |  2.259  1.426  0.655  0.4022 0.6522 0.7174   0.613
3496 |  2.259  1.426  0.655  0.4022 0.6522 0.7174   0.613
3680 |  2.259  1.426  0.655  0.4022 0.6522 0.7174   0.613
3864 |  2.259  1.426  0.655  0.4022 0.6522 0.7174   0.613
4048 |  2.259  1.426  0.655  0.4022 0.6522 0.7174   0.613
4232 |  2.259  1.426  0.655  0.4022 0.6522 0.7174   0.613
4416 |  2.259  1.426  0.655  0.4022 0.6522 0.7174   0.613
4600 |  2.259  1.426  0.655  0.4022 0.6522 0.7174   0.613
4784 |  2.259  1.426  0.655  0.4022 0.6522 0.7174   0.613
4968 |  2.259  1.426  0.655  0.4022 0.6522 0.7174   0.613
5152 |  2.259  1.426  0.655  0.4022 0.6522 0.7174   0.613
5336 |  2.259  1.426  0.655  0.4022 0.6522 0.7174   0.613
5520 |  2.259  1.426  0.655  0.4022 0.6522 0.7174   0.613
5704 |  2.259  1.426  0.655  0.4022 0.6522 0.7174   0.613
5888 |  2.259  1.426  0.655  0.4022 0.6522 0.7174   0.613
6072 |  2.259  1.426  0.655  0.4022 0.6522 0.7174   0.613
6256 |  2.259  1.426  0.655  0.4022 0.6522 0.7174   0.613
6440 |  2.259  1.426  0.655  0.4022 0.6522 0.7174   0.613
6624 |  2.259  1.426  0.655  0.4022 0.6522 0.7174   0.613
6808 |  2.259  1.426  0.655  0.4022 0.6522 0.7174   0.613
6992 |  2.259  1.426  0.655  0.4022 0.6522 0.7174   0.613
7176 |  2.259  1.426  0.655  0.4022 0.6522 0.7174   0.613
7360 |  2.259  1.426  0.655  0.4022 0.6522 0.7174   0.613
7544 |  2.259  1.426  0.655  0.4022 0.6522 0.7174   0.613
7728 |  2.259  1.426  0.655  0.4022 0.6522 0.7174   0.613
7912 |  2.259  1.426  0.655  0.4022 0.6522 0.7174   0.613
8096 |  2.259  1.426  0.655  0.4022 0.6522 0.7174   0.613
8280 |  2.259  1.426  0.655  0.4022 0.6522 0.7174   0.613
8464 |  2.259  1.426  0.655  0.4022 0.6522 0.7174   0.613
8648 |  2.259  1.426  0.655  0.4022 0.6522 0.7174   0.613
8832 |  2.259  1.426  0.655  0.4022 0.6522 0.7174   0.613
9016 |  2.259  1.426  0.655  0.4022 0.6522 0.7174   0.613
 406 |  2.259  1.426  0.655  0.4022 0.6522 0.7174   0.613
#
