# Superwater/superwater_010/1k4i_A.pdb
# Protein CA rmsd=  0.000
#  N |   RMSD    Ave    Med   f<0.5  f<1.0  f<1.5
  83 |  5.679  4.043  2.148  0.2892 0.4578 0.4940   0.514
 166 |  2.670  1.596  0.664  0.3735 0.6747 0.7590   0.585
 249 |  2.670  1.596  0.664  0.3735 0.6747 0.7590   0.585
 332 |  2.670  1.596  0.664  0.3735 0.6747 0.7590   0.585
 415 |  2.670  1.596  0.664  0.3735 0.6747 0.7590   0.585
 498 |  2.670  1.596  0.664  0.3735 0.6747 0.7590   0.585
 581 |  2.670  1.596  0.664  0.3735 0.6747 0.7590   0.585
 664 |  2.670  1.596  0.664  0.3735 0.6747 0.7590   0.585
 747 |  2.670  1.596  0.664  0.3735 0.6747 0.7590   0.585
 830 |  2.670  1.596  0.664  0.3735 0.6747 0.7590   0.585
 913 |  2.670  1.596  0.664  0.3735 0.6747 0.7590   0.585
 996 |  2.670  1.596  0.664  0.3735 0.6747 0.7590   0.585
1079 |  2.670  1.596  0.664  0.3735 0.6747 0.7590   0.585
1162 |  2.670  1.596  0.664  0.3735 0.6747 0.7590   0.585
1245 |  2.670  1.596  0.664  0.3735 0.6747 0.7590   0.585
1328 |  2.670  1.596  0.664  0.3735 0.6747 0.7590   0.585
1411 |  2.670  1.596  0.664  0.3735 0.6747 0.7590   0.585
1494 |  2.670  1.596  0.664  0.3735 0.6747 0.7590   0.585
1577 |  2.670  1.596  0.664  0.3735 0.6747 0.7590   0.585
1660 |  2.670  1.596  0.664  0.3735 0.6747 0.7590   0.585
1743 |  2.670  1.596  0.664  0.3735 0.6747 0.7590   0.585
1826 |  2.670  1.596  0.664  0.3735 0.6747 0.7590   0.585
1909 |  2.670  1.596  0.664  0.3735 0.6747 0.7590   0.585
1992 |  2.670  1.596  0.664  0.3735 0.6747 0.7590   0.585
2075 |  2.670  1.596  0.664  0.3735 0.6747 0.7590   0.585
2158 |  2.670  1.596  0.664  0.3735 0.6747 0.7590   0.585
2241 |  2.670  1.596  0.664  0.3735 0.6747 0.7590   0.585
2324 |  2.670  1.596  0.664  0.3735 0.6747 0.7590   0.585
2407 |  2.670  1.596  0.664  0.3735 0.6747 0.7590   0.585
2490 |  2.670  1.596  0.664  0.3735 0.6747 0.7590   0.585
2573 |  2.670  1.596  0.664  0.3735 0.6747 0.7590   0.585
2656 |  2.670  1.596  0.664  0.3735 0.6747 0.7590   0.585
2739 |  2.670  1.596  0.664  0.3735 0.6747 0.7590   0.585
2822 |  2.670  1.596  0.664  0.3735 0.6747 0.7590   0.585
2905 |  2.670  1.596  0.664  0.3735 0.6747 0.7590   0.585
2988 |  2.670  1.596  0.664  0.3735 0.6747 0.7590   0.585
3071 |  2.670  1.596  0.664  0.3735 0.6747 0.7590   0.585
3154 |  2.670  1.596  0.664  0.3735 0.6747 0.7590   0.585
3237 |  2.670  1.596  0.664  0.3735 0.6747 0.7590   0.585
3320 |  2.670  1.596  0.664  0.3735 0.6747 0.7590   0.585
3403 |  2.670  1.596  0.664  0.3735 0.6747 0.7590   0.585
3486 |  2.670  1.596  0.664  0.3735 0.6747 0.7590   0.585
3569 |  2.670  1.596  0.664  0.3735 0.6747 0.7590   0.585
3652 |  2.670  1.596  0.664  0.3735 0.6747 0.7590   0.585
3735 |  2.670  1.596  0.664  0.3735 0.6747 0.7590   0.585
3818 |  2.670  1.596  0.664  0.3735 0.6747 0.7590   0.585
3901 |  2.670  1.596  0.664  0.3735 0.6747 0.7590   0.585
3984 |  2.670  1.596  0.664  0.3735 0.6747 0.7590   0.585
4067 |  2.670  1.596  0.664  0.3735 0.6747 0.7590   0.585
 152 |  2.670  1.596  0.664  0.3735 0.6747 0.7590   0.585
#
