# Superwater/superwater_010/1lkk_A.pdb
# Protein CA rmsd=  0.000
#  N |   RMSD    Ave    Med   f<0.5  f<1.0  f<1.5
  36 |  5.984  4.728  4.705  0.2500 0.3056 0.3056   0.339
  72 |  3.883  2.779  1.646  0.2778 0.4444 0.5000   0.618
 108 |  3.883  2.779  1.646  0.2778 0.4444 0.5000   0.618
 144 |  3.883  2.779  1.646  0.2778 0.4444 0.5000   0.618
 180 |  3.883  2.779  1.646  0.2778 0.4444 0.5000   0.618
 216 |  3.883  2.779  1.646  0.2778 0.4444 0.5000   0.618
 252 |  3.883  2.779  1.646  0.2778 0.4444 0.5000   0.618
 288 |  3.883  2.779  1.646  0.2778 0.4444 0.5000   0.618
 324 |  3.883  2.779  1.646  0.2778 0.4444 0.5000   0.618
 360 |  3.883  2.779  1.646  0.2778 0.4444 0.5000   0.618
 396 |  3.883  2.779  1.646  0.2778 0.4444 0.5000   0.618
 432 |  3.883  2.779  1.646  0.2778 0.4444 0.5000   0.618
 468 |  3.883  2.779  1.646  0.2778 0.4444 0.5000   0.618
 504 |  3.883  2.779  1.646  0.2778 0.4444 0.5000   0.618
 540 |  3.883  2.779  1.646  0.2778 0.4444 0.5000   0.618
 576 |  3.883  2.779  1.646  0.2778 0.4444 0.5000   0.618
 612 |  3.883  2.779  1.646  0.2778 0.4444 0.5000   0.618
 648 |  3.883  2.779  1.646  0.2778 0.4444 0.5000   0.618
 684 |  3.883  2.779  1.646  0.2778 0.4444 0.5000   0.618
 720 |  3.883  2.779  1.646  0.2778 0.4444 0.5000   0.618
 756 |  3.883  2.779  1.646  0.2778 0.4444 0.5000   0.618
 792 |  3.883  2.779  1.646  0.2778 0.4444 0.5000   0.618
 828 |  3.883  2.779  1.646  0.2778 0.4444 0.5000   0.618
 864 |  3.883  2.779  1.646  0.2778 0.4444 0.5000   0.618
 900 |  3.883  2.779  1.646  0.2778 0.4444 0.5000   0.618
 936 |  3.883  2.779  1.646  0.2778 0.4444 0.5000   0.618
 972 |  3.883  2.779  1.646  0.2778 0.4444 0.5000   0.618
1008 |  3.883  2.779  1.646  0.2778 0.4444 0.5000   0.618
1044 |  3.883  2.779  1.646  0.2778 0.4444 0.5000   0.618
1080 |  3.883  2.779  1.646  0.2778 0.4444 0.5000   0.618
1116 |  3.883  2.779  1.646  0.2778 0.4444 0.5000   0.618
1152 |  3.883  2.779  1.646  0.2778 0.4444 0.5000   0.618
1188 |  3.883  2.779  1.646  0.2778 0.4444 0.5000   0.618
1224 |  3.883  2.779  1.646  0.2778 0.4444 0.5000   0.618
1260 |  3.883  2.779  1.646  0.2778 0.4444 0.5000   0.618
1296 |  3.883  2.779  1.646  0.2778 0.4444 0.5000   0.618
1332 |  3.883  2.779  1.646  0.2778 0.4444 0.5000   0.618
1368 |  3.883  2.779  1.646  0.2778 0.4444 0.5000   0.618
1404 |  3.883  2.779  1.646  0.2778 0.4444 0.5000   0.618
1440 |  3.883  2.779  1.646  0.2778 0.4444 0.5000   0.618
1476 |  3.883  2.779  1.646  0.2778 0.4444 0.5000   0.618
1512 |  3.883  2.779  1.646  0.2778 0.4444 0.5000   0.618
1548 |  3.883  2.779  1.646  0.2778 0.4444 0.5000   0.618
1584 |  3.883  2.779  1.646  0.2778 0.4444 0.5000   0.618
1620 |  3.883  2.779  1.646  0.2778 0.4444 0.5000   0.618
1656 |  3.883  2.779  1.646  0.2778 0.4444 0.5000   0.618
1692 |  3.883  2.779  1.646  0.2778 0.4444 0.5000   0.618
1728 |  3.883  2.779  1.646  0.2778 0.4444 0.5000   0.618
1764 |  3.883  2.779  1.646  0.2778 0.4444 0.5000   0.618
  65 |  3.883  2.779  1.646  0.2778 0.4444 0.5000   0.618
#
