# Superwater/superwater_010/1m40_A.pdb
# Protein CA rmsd=  0.000
#  N |   RMSD    Ave    Med   f<0.5  f<1.0  f<1.5
 116 |  5.455  3.876  2.036  0.3103 0.4483 0.4828   0.515
 232 |  2.770  1.765  0.685  0.3707 0.5776 0.6897   0.620
 348 |  2.770  1.765  0.685  0.3707 0.5776 0.6897   0.620
 464 |  2.770  1.765  0.685  0.3707 0.5776 0.6897   0.620
 580 |  2.770  1.765  0.685  0.3707 0.5776 0.6897   0.620
 696 |  2.770  1.765  0.685  0.3707 0.5776 0.6897   0.620
 812 |  2.770  1.765  0.685  0.3707 0.5776 0.6897   0.620
 928 |  2.770  1.765  0.685  0.3707 0.5776 0.6897   0.620
1044 |  2.770  1.765  0.685  0.3707 0.5776 0.6897   0.620
1160 |  2.770  1.765  0.685  0.3707 0.5776 0.6897   0.620
1276 |  2.770  1.765  0.685  0.3707 0.5776 0.6897   0.620
1392 |  2.770  1.765  0.685  0.3707 0.5776 0.6897   0.620
1508 |  2.770  1.765  0.685  0.3707 0.5776 0.6897   0.620
1624 |  2.770  1.765  0.685  0.3707 0.5776 0.6897   0.620
1740 |  2.770  1.765  0.685  0.3707 0.5776 0.6897   0.620
1856 |  2.770  1.765  0.685  0.3707 0.5776 0.6897   0.620
1972 |  2.770  1.765  0.685  0.3707 0.5776 0.6897   0.620
2088 |  2.770  1.765  0.685  0.3707 0.5776 0.6897   0.620
2204 |  2.770  1.765  0.685  0.3707 0.5776 0.6897   0.620
2320 |  2.770  1.765  0.685  0.3707 0.5776 0.6897   0.620
2436 |  2.770  1.765  0.685  0.3707 0.5776 0.6897   0.620
2552 |  2.770  1.765  0.685  0.3707 0.5776 0.6897   0.620
2668 |  2.770  1.765  0.685  0.3707 0.5776 0.6897   0.620
2784 |  2.770  1.765  0.685  0.3707 0.5776 0.6897   0.620
2900 |  2.770  1.765  0.685  0.3707 0.5776 0.6897   0.620
3016 |  2.770  1.765  0.685  0.3707 0.5776 0.6897   0.620
3132 |  2.770  1.765  0.685  0.3707 0.5776 0.6897   0.620
3248 |  2.770  1.765  0.685  0.3707 0.5776 0.6897   0.620
3364 |  2.770  1.765  0.685  0.3707 0.5776 0.6897   0.620
3480 |  2.770  1.765  0.685  0.3707 0.5776 0.6897   0.620
3596 |  2.770  1.765  0.685  0.3707 0.5776 0.6897   0.620
3712 |  2.770  1.765  0.685  0.3707 0.5776 0.6897   0.620
3828 |  2.770  1.765  0.685  0.3707 0.5776 0.6897   0.620
3944 |  2.770  1.765  0.685  0.3707 0.5776 0.6897   0.620
4060 |  2.770  1.765  0.685  0.3707 0.5776 0.6897   0.620
4176 |  2.770  1.765  0.685  0.3707 0.5776 0.6897   0.620
4292 |  2.770  1.765  0.685  0.3707 0.5776 0.6897   0.620
4408 |  2.770  1.765  0.685  0.3707 0.5776 0.6897   0.620
4524 |  2.770  1.765  0.685  0.3707 0.5776 0.6897   0.620
4640 |  2.770  1.765  0.685  0.3707 0.5776 0.6897   0.620
4756 |  2.770  1.765  0.685  0.3707 0.5776 0.6897   0.620
4872 |  2.770  1.765  0.685  0.3707 0.5776 0.6897   0.620
4988 |  2.770  1.765  0.685  0.3707 0.5776 0.6897   0.620
5104 |  2.770  1.765  0.685  0.3707 0.5776 0.6897   0.620
5220 |  2.770  1.765  0.685  0.3707 0.5776 0.6897   0.620
5336 |  2.770  1.765  0.685  0.3707 0.5776 0.6897   0.620
5452 |  2.770  1.765  0.685  0.3707 0.5776 0.6897   0.620
5568 |  2.770  1.765  0.685  0.3707 0.5776 0.6897   0.620
5684 |  2.770  1.765  0.685  0.3707 0.5776 0.6897   0.620
 215 |  2.770  1.765  0.685  0.3707 0.5776 0.6897   0.620
#
