# Superwater/superwater_010/1mc2_A.pdb
# Protein CA rmsd=  0.000
#  N |   RMSD    Ave    Med   f<0.5  f<1.0  f<1.5
  54 |  5.467  4.112  3.764  0.1852 0.3889 0.4074   0.531
 108 |  3.829  2.846  1.967  0.1852 0.4259 0.4630   0.669
 162 |  3.829  2.846  1.967  0.1852 0.4259 0.4630   0.669
 216 |  3.829  2.846  1.967  0.1852 0.4259 0.4630   0.669
 270 |  3.829  2.846  1.967  0.1852 0.4259 0.4630   0.669
 324 |  3.829  2.846  1.967  0.1852 0.4259 0.4630   0.669
 378 |  3.829  2.846  1.967  0.1852 0.4259 0.4630   0.669
 432 |  3.829  2.846  1.967  0.1852 0.4259 0.4630   0.669
 486 |  3.829  2.846  1.967  0.1852 0.4259 0.4630   0.669
 540 |  3.829  2.846  1.967  0.1852 0.4259 0.4630   0.669
 594 |  3.829  2.846  1.967  0.1852 0.4259 0.4630   0.669
 648 |  3.829  2.846  1.967  0.1852 0.4259 0.4630   0.669
 702 |  3.829  2.846  1.967  0.1852 0.4259 0.4630   0.669
 756 |  3.829  2.846  1.967  0.1852 0.4259 0.4630   0.669
 810 |  3.829  2.846  1.967  0.1852 0.4259 0.4630   0.669
 864 |  3.829  2.846  1.967  0.1852 0.4259 0.4630   0.669
 918 |  3.829  2.846  1.967  0.1852 0.4259 0.4630   0.669
 972 |  3.829  2.846  1.967  0.1852 0.4259 0.4630   0.669
1026 |  3.829  2.846  1.967  0.1852 0.4259 0.4630   0.669
1080 |  3.829  2.846  1.967  0.1852 0.4259 0.4630   0.669
1134 |  3.829  2.846  1.967  0.1852 0.4259 0.4630   0.669
1188 |  3.829  2.846  1.967  0.1852 0.4259 0.4630   0.669
1242 |  3.829  2.846  1.967  0.1852 0.4259 0.4630   0.669
1296 |  3.829  2.846  1.967  0.1852 0.4259 0.4630   0.669
1350 |  3.829  2.846  1.967  0.1852 0.4259 0.4630   0.669
1404 |  3.829  2.846  1.967  0.1852 0.4259 0.4630   0.669
1458 |  3.829  2.846  1.967  0.1852 0.4259 0.4630   0.669
1512 |  3.829  2.846  1.967  0.1852 0.4259 0.4630   0.669
1566 |  3.829  2.846  1.967  0.1852 0.4259 0.4630   0.669
1620 |  3.829  2.846  1.967  0.1852 0.4259 0.4630   0.669
1674 |  3.829  2.846  1.967  0.1852 0.4259 0.4630   0.669
1728 |  3.829  2.846  1.967  0.1852 0.4259 0.4630   0.669
1782 |  3.829  2.846  1.967  0.1852 0.4259 0.4630   0.669
1836 |  3.829  2.846  1.967  0.1852 0.4259 0.4630   0.669
1890 |  3.829  2.846  1.967  0.1852 0.4259 0.4630   0.669
1944 |  3.829  2.846  1.967  0.1852 0.4259 0.4630   0.669
1998 |  3.829  2.846  1.967  0.1852 0.4259 0.4630   0.669
2052 |  3.829  2.846  1.967  0.1852 0.4259 0.4630   0.669
2106 |  3.829  2.846  1.967  0.1852 0.4259 0.4630   0.669
2160 |  3.829  2.846  1.967  0.1852 0.4259 0.4630   0.669
2214 |  3.829  2.846  1.967  0.1852 0.4259 0.4630   0.669
2268 |  3.829  2.846  1.967  0.1852 0.4259 0.4630   0.669
2322 |  3.829  2.846  1.967  0.1852 0.4259 0.4630   0.669
2376 |  3.829  2.846  1.967  0.1852 0.4259 0.4630   0.669
2430 |  3.829  2.846  1.967  0.1852 0.4259 0.4630   0.669
2484 |  3.829  2.846  1.967  0.1852 0.4259 0.4630   0.669
2538 |  3.829  2.846  1.967  0.1852 0.4259 0.4630   0.669
2592 |  3.829  2.846  1.967  0.1852 0.4259 0.4630   0.669
2646 |  3.829  2.846  1.967  0.1852 0.4259 0.4630   0.669
  81 |  3.829  2.846  1.967  0.1852 0.4259 0.4630   0.669
#
