# Superwater/superwater_010/1mj5_A.pdb
# Protein CA rmsd=  0.000
#  N |   RMSD    Ave    Med   f<0.5  f<1.0  f<1.5
 129 |  5.763  4.178  2.985  0.3101 0.4031 0.4496   0.493
 258 |  3.132  1.943  0.723  0.3566 0.5736 0.6744   0.624
 387 |  3.132  1.943  0.723  0.3566 0.5736 0.6744   0.624
 516 |  3.132  1.943  0.723  0.3566 0.5736 0.6744   0.624
 645 |  3.132  1.943  0.723  0.3566 0.5736 0.6744   0.624
 774 |  3.132  1.943  0.723  0.3566 0.5736 0.6744   0.624
 903 |  3.132  1.943  0.723  0.3566 0.5736 0.6744   0.624
1032 |  3.132  1.943  0.723  0.3566 0.5736 0.6744   0.624
1161 |  3.132  1.943  0.723  0.3566 0.5736 0.6744   0.624
1290 |  3.132  1.943  0.723  0.3566 0.5736 0.6744   0.624
1419 |  3.132  1.943  0.723  0.3566 0.5736 0.6744   0.624
1548 |  3.132  1.943  0.723  0.3566 0.5736 0.6744   0.624
1677 |  3.132  1.943  0.723  0.3566 0.5736 0.6744   0.624
1806 |  3.132  1.943  0.723  0.3566 0.5736 0.6744   0.624
1935 |  3.132  1.943  0.723  0.3566 0.5736 0.6744   0.624
2064 |  3.132  1.943  0.723  0.3566 0.5736 0.6744   0.624
2193 |  3.132  1.943  0.723  0.3566 0.5736 0.6744   0.624
2322 |  3.132  1.943  0.723  0.3566 0.5736 0.6744   0.624
2451 |  3.132  1.943  0.723  0.3566 0.5736 0.6744   0.624
2580 |  3.132  1.943  0.723  0.3566 0.5736 0.6744   0.624
2709 |  3.132  1.943  0.723  0.3566 0.5736 0.6744   0.624
2838 |  3.132  1.943  0.723  0.3566 0.5736 0.6744   0.624
2967 |  3.132  1.943  0.723  0.3566 0.5736 0.6744   0.624
3096 |  3.132  1.943  0.723  0.3566 0.5736 0.6744   0.624
3225 |  3.132  1.943  0.723  0.3566 0.5736 0.6744   0.624
3354 |  3.132  1.943  0.723  0.3566 0.5736 0.6744   0.624
3483 |  3.132  1.943  0.723  0.3566 0.5736 0.6744   0.624
3612 |  3.132  1.943  0.723  0.3566 0.5736 0.6744   0.624
3741 |  3.132  1.943  0.723  0.3566 0.5736 0.6744   0.624
3870 |  3.132  1.943  0.723  0.3566 0.5736 0.6744   0.624
3999 |  3.132  1.943  0.723  0.3566 0.5736 0.6744   0.624
4128 |  3.132  1.943  0.723  0.3566 0.5736 0.6744   0.624
4257 |  3.132  1.943  0.723  0.3566 0.5736 0.6744   0.624
4386 |  3.132  1.943  0.723  0.3566 0.5736 0.6744   0.624
4515 |  3.132  1.943  0.723  0.3566 0.5736 0.6744   0.624
4644 |  3.132  1.943  0.723  0.3566 0.5736 0.6744   0.624
4773 |  3.132  1.943  0.723  0.3566 0.5736 0.6744   0.624
4902 |  3.132  1.943  0.723  0.3566 0.5736 0.6744   0.624
5031 |  3.132  1.943  0.723  0.3566 0.5736 0.6744   0.624
5160 |  3.132  1.943  0.723  0.3566 0.5736 0.6744   0.624
5289 |  3.132  1.943  0.723  0.3566 0.5736 0.6744   0.624
5418 |  3.132  1.943  0.723  0.3566 0.5736 0.6744   0.624
5547 |  3.132  1.943  0.723  0.3566 0.5736 0.6744   0.624
5676 |  3.132  1.943  0.723  0.3566 0.5736 0.6744   0.624
5805 |  3.132  1.943  0.723  0.3566 0.5736 0.6744   0.624
5934 |  3.132  1.943  0.723  0.3566 0.5736 0.6744   0.624
6063 |  3.132  1.943  0.723  0.3566 0.5736 0.6744   0.624
6192 |  3.132  1.943  0.723  0.3566 0.5736 0.6744   0.624
6321 |  3.132  1.943  0.723  0.3566 0.5736 0.6744   0.624
 236 |  3.132  1.943  0.723  0.3566 0.5736 0.6744   0.624
#
