# Superwater/superwater_010/1mn8_A.pdb
# Protein CA rmsd=  0.000
#  N |   RMSD    Ave    Med   f<0.5  f<1.0  f<1.5
  35 |  6.591  4.964  4.373  0.3429 0.4000 0.4286   0.412
  70 |  4.519  3.102  1.482  0.3714 0.4571 0.5143   0.571
 105 |  4.519  3.102  1.482  0.3714 0.4571 0.5143   0.571
 140 |  4.519  3.102  1.482  0.3714 0.4571 0.5143   0.571
 175 |  4.519  3.102  1.482  0.3714 0.4571 0.5143   0.571
 210 |  4.519  3.102  1.482  0.3714 0.4571 0.5143   0.571
 245 |  4.519  3.102  1.482  0.3714 0.4571 0.5143   0.571
 280 |  4.519  3.102  1.482  0.3714 0.4571 0.5143   0.571
 315 |  4.519  3.102  1.482  0.3714 0.4571 0.5143   0.571
 350 |  4.519  3.102  1.482  0.3714 0.4571 0.5143   0.571
 385 |  4.519  3.102  1.482  0.3714 0.4571 0.5143   0.571
 420 |  4.519  3.102  1.482  0.3714 0.4571 0.5143   0.571
 455 |  4.519  3.102  1.482  0.3714 0.4571 0.5143   0.571
 490 |  4.519  3.102  1.482  0.3714 0.4571 0.5143   0.571
 525 |  4.519  3.102  1.482  0.3714 0.4571 0.5143   0.571
 560 |  4.519  3.102  1.482  0.3714 0.4571 0.5143   0.571
 595 |  4.519  3.102  1.482  0.3714 0.4571 0.5143   0.571
 630 |  4.519  3.102  1.482  0.3714 0.4571 0.5143   0.571
 665 |  4.519  3.102  1.482  0.3714 0.4571 0.5143   0.571
 700 |  4.519  3.102  1.482  0.3714 0.4571 0.5143   0.571
 735 |  4.519  3.102  1.482  0.3714 0.4571 0.5143   0.571
 770 |  4.519  3.102  1.482  0.3714 0.4571 0.5143   0.571
 805 |  4.519  3.102  1.482  0.3714 0.4571 0.5143   0.571
 840 |  4.519  3.102  1.482  0.3714 0.4571 0.5143   0.571
 875 |  4.519  3.102  1.482  0.3714 0.4571 0.5143   0.571
 910 |  4.519  3.102  1.482  0.3714 0.4571 0.5143   0.571
 945 |  4.519  3.102  1.482  0.3714 0.4571 0.5143   0.571
 980 |  4.519  3.102  1.482  0.3714 0.4571 0.5143   0.571
1015 |  4.519  3.102  1.482  0.3714 0.4571 0.5143   0.571
1050 |  4.519  3.102  1.482  0.3714 0.4571 0.5143   0.571
1085 |  4.519  3.102  1.482  0.3714 0.4571 0.5143   0.571
1120 |  4.519  3.102  1.482  0.3714 0.4571 0.5143   0.571
1155 |  4.519  3.102  1.482  0.3714 0.4571 0.5143   0.571
1190 |  4.519  3.102  1.482  0.3714 0.4571 0.5143   0.571
1225 |  4.519  3.102  1.482  0.3714 0.4571 0.5143   0.571
1260 |  4.519  3.102  1.482  0.3714 0.4571 0.5143   0.571
1295 |  4.519  3.102  1.482  0.3714 0.4571 0.5143   0.571
1330 |  4.519  3.102  1.482  0.3714 0.4571 0.5143   0.571
1365 |  4.519  3.102  1.482  0.3714 0.4571 0.5143   0.571
1400 |  4.519  3.102  1.482  0.3714 0.4571 0.5143   0.571
1435 |  4.519  3.102  1.482  0.3714 0.4571 0.5143   0.571
1470 |  4.519  3.102  1.482  0.3714 0.4571 0.5143   0.571
1505 |  4.519  3.102  1.482  0.3714 0.4571 0.5143   0.571
1540 |  4.519  3.102  1.482  0.3714 0.4571 0.5143   0.571
1575 |  4.519  3.102  1.482  0.3714 0.4571 0.5143   0.571
1610 |  4.519  3.102  1.482  0.3714 0.4571 0.5143   0.571
1645 |  4.519  3.102  1.482  0.3714 0.4571 0.5143   0.571
1680 |  4.519  3.102  1.482  0.3714 0.4571 0.5143   0.571
1715 |  4.519  3.102  1.482  0.3714 0.4571 0.5143   0.571
  53 |  4.519  3.102  1.482  0.3714 0.4571 0.5143   0.571
#
