# Superwater/superwater_010/1muw_A.pdb
# Protein CA rmsd=  0.000
#  N |   RMSD    Ave    Med   f<0.5  f<1.0  f<1.5
 118 |  5.864  4.365  3.630  0.3305 0.3983 0.4068   0.385
 236 |  3.533  2.293  0.735  0.4068 0.5763 0.6102   0.482
 354 |  3.003  1.914  0.700  0.4068 0.6186 0.6525   0.531
 472 |  3.003  1.914  0.700  0.4068 0.6186 0.6525   0.531
 590 |  3.003  1.914  0.700  0.4068 0.6186 0.6525   0.531
 708 |  3.003  1.914  0.700  0.4068 0.6186 0.6525   0.531
 826 |  3.003  1.914  0.700  0.4068 0.6186 0.6525   0.531
 944 |  3.003  1.914  0.700  0.4068 0.6186 0.6525   0.531
1062 |  3.003  1.914  0.700  0.4068 0.6186 0.6525   0.531
1180 |  3.003  1.914  0.700  0.4068 0.6186 0.6525   0.531
1298 |  3.003  1.914  0.700  0.4068 0.6186 0.6525   0.531
1416 |  3.003  1.914  0.700  0.4068 0.6186 0.6525   0.531
1534 |  3.003  1.914  0.700  0.4068 0.6186 0.6525   0.531
1652 |  3.003  1.914  0.700  0.4068 0.6186 0.6525   0.531
1770 |  3.003  1.914  0.700  0.4068 0.6186 0.6525   0.531
1888 |  3.003  1.914  0.700  0.4068 0.6186 0.6525   0.531
2006 |  3.003  1.914  0.700  0.4068 0.6186 0.6525   0.531
2124 |  3.003  1.914  0.700  0.4068 0.6186 0.6525   0.531
2242 |  3.003  1.914  0.700  0.4068 0.6186 0.6525   0.531
2360 |  3.003  1.914  0.700  0.4068 0.6186 0.6525   0.531
2478 |  3.003  1.914  0.700  0.4068 0.6186 0.6525   0.531
2596 |  3.003  1.914  0.700  0.4068 0.6186 0.6525   0.531
2714 |  3.003  1.914  0.700  0.4068 0.6186 0.6525   0.531
2832 |  3.003  1.914  0.700  0.4068 0.6186 0.6525   0.531
2950 |  3.003  1.914  0.700  0.4068 0.6186 0.6525   0.531
3068 |  3.003  1.914  0.700  0.4068 0.6186 0.6525   0.531
3186 |  3.003  1.914  0.700  0.4068 0.6186 0.6525   0.531
3304 |  3.003  1.914  0.700  0.4068 0.6186 0.6525   0.531
3422 |  3.003  1.914  0.700  0.4068 0.6186 0.6525   0.531
3540 |  3.003  1.914  0.700  0.4068 0.6186 0.6525   0.531
3658 |  3.003  1.914  0.700  0.4068 0.6186 0.6525   0.531
3776 |  3.003  1.914  0.700  0.4068 0.6186 0.6525   0.531
3894 |  3.003  1.914  0.700  0.4068 0.6186 0.6525   0.531
4012 |  3.003  1.914  0.700  0.4068 0.6186 0.6525   0.531
4130 |  3.003  1.914  0.700  0.4068 0.6186 0.6525   0.531
4248 |  3.003  1.914  0.700  0.4068 0.6186 0.6525   0.531
4366 |  3.003  1.914  0.700  0.4068 0.6186 0.6525   0.531
4484 |  3.003  1.914  0.700  0.4068 0.6186 0.6525   0.531
4602 |  3.003  1.914  0.700  0.4068 0.6186 0.6525   0.531
4720 |  3.003  1.914  0.700  0.4068 0.6186 0.6525   0.531
4838 |  3.003  1.914  0.700  0.4068 0.6186 0.6525   0.531
4956 |  3.003  1.914  0.700  0.4068 0.6186 0.6525   0.531
5074 |  3.003  1.914  0.700  0.4068 0.6186 0.6525   0.531
5192 |  3.003  1.914  0.700  0.4068 0.6186 0.6525   0.531
5310 |  3.003  1.914  0.700  0.4068 0.6186 0.6525   0.531
5428 |  3.003  1.914  0.700  0.4068 0.6186 0.6525   0.531
5546 |  3.003  1.914  0.700  0.4068 0.6186 0.6525   0.531
5664 |  3.003  1.914  0.700  0.4068 0.6186 0.6525   0.531
5782 |  3.003  1.914  0.700  0.4068 0.6186 0.6525   0.531
 286 |  3.003  1.914  0.700  0.4068 0.6186 0.6525   0.531
#
