# Superwater/superwater_010/1nki_A.pdb
# Protein CA rmsd=  0.000
#  N |   RMSD    Ave    Med   f<0.5  f<1.0  f<1.5
  44 |  6.839  5.422  6.162  0.2955 0.3409 0.3409   0.365
  88 |  4.612  3.135  1.339  0.3636 0.4773 0.5227   0.503
 132 |  3.919  2.493  0.832  0.3864 0.5455 0.6364   0.574
 176 |  3.919  2.493  0.832  0.3864 0.5455 0.6364   0.574
 220 |  3.919  2.493  0.832  0.3864 0.5455 0.6364   0.574
 264 |  3.919  2.493  0.832  0.3864 0.5455 0.6364   0.574
 308 |  3.919  2.493  0.832  0.3864 0.5455 0.6364   0.574
 352 |  3.919  2.493  0.832  0.3864 0.5455 0.6364   0.574
 396 |  3.919  2.493  0.832  0.3864 0.5455 0.6364   0.574
 440 |  3.919  2.493  0.832  0.3864 0.5455 0.6364   0.574
 484 |  3.919  2.493  0.832  0.3864 0.5455 0.6364   0.574
 528 |  3.919  2.493  0.832  0.3864 0.5455 0.6364   0.574
 572 |  3.919  2.493  0.832  0.3864 0.5455 0.6364   0.574
 616 |  3.919  2.493  0.832  0.3864 0.5455 0.6364   0.574
 660 |  3.919  2.493  0.832  0.3864 0.5455 0.6364   0.574
 704 |  3.919  2.493  0.832  0.3864 0.5455 0.6364   0.574
 748 |  3.919  2.493  0.832  0.3864 0.5455 0.6364   0.574
 792 |  3.919  2.493  0.832  0.3864 0.5455 0.6364   0.574
 836 |  3.919  2.493  0.832  0.3864 0.5455 0.6364   0.574
 880 |  3.919  2.493  0.832  0.3864 0.5455 0.6364   0.574
 924 |  3.919  2.493  0.832  0.3864 0.5455 0.6364   0.574
 968 |  3.919  2.493  0.832  0.3864 0.5455 0.6364   0.574
1012 |  3.919  2.493  0.832  0.3864 0.5455 0.6364   0.574
1056 |  3.919  2.493  0.832  0.3864 0.5455 0.6364   0.574
1100 |  3.919  2.493  0.832  0.3864 0.5455 0.6364   0.574
1144 |  3.919  2.493  0.832  0.3864 0.5455 0.6364   0.574
1188 |  3.919  2.493  0.832  0.3864 0.5455 0.6364   0.574
1232 |  3.919  2.493  0.832  0.3864 0.5455 0.6364   0.574
1276 |  3.919  2.493  0.832  0.3864 0.5455 0.6364   0.574
1320 |  3.919  2.493  0.832  0.3864 0.5455 0.6364   0.574
1364 |  3.919  2.493  0.832  0.3864 0.5455 0.6364   0.574
1408 |  3.919  2.493  0.832  0.3864 0.5455 0.6364   0.574
1452 |  3.919  2.493  0.832  0.3864 0.5455 0.6364   0.574
1496 |  3.919  2.493  0.832  0.3864 0.5455 0.6364   0.574
1540 |  3.919  2.493  0.832  0.3864 0.5455 0.6364   0.574
1584 |  3.919  2.493  0.832  0.3864 0.5455 0.6364   0.574
1628 |  3.919  2.493  0.832  0.3864 0.5455 0.6364   0.574
1672 |  3.919  2.493  0.832  0.3864 0.5455 0.6364   0.574
1716 |  3.919  2.493  0.832  0.3864 0.5455 0.6364   0.574
1760 |  3.919  2.493  0.832  0.3864 0.5455 0.6364   0.574
1804 |  3.919  2.493  0.832  0.3864 0.5455 0.6364   0.574
1848 |  3.919  2.493  0.832  0.3864 0.5455 0.6364   0.574
1892 |  3.919  2.493  0.832  0.3864 0.5455 0.6364   0.574
1936 |  3.919  2.493  0.832  0.3864 0.5455 0.6364   0.574
1980 |  3.919  2.493  0.832  0.3864 0.5455 0.6364   0.574
2024 |  3.919  2.493  0.832  0.3864 0.5455 0.6364   0.574
2068 |  3.919  2.493  0.832  0.3864 0.5455 0.6364   0.574
2112 |  3.919  2.493  0.832  0.3864 0.5455 0.6364   0.574
2156 |  3.919  2.493  0.832  0.3864 0.5455 0.6364   0.574
 106 |  3.919  2.493  0.832  0.3864 0.5455 0.6364   0.574
#
