# Superwater/superwater_010/1nwz_A.pdb
# Protein CA rmsd=  0.000
#  N |   RMSD    Ave    Med   f<0.5  f<1.0  f<1.5
  40 |  5.456  3.900  1.876  0.2750 0.4750 0.5000   0.509
  80 |  3.632  2.543  0.801  0.2750 0.5250 0.5500   0.517
 120 |  3.632  2.543  0.801  0.2750 0.5250 0.5500   0.517
 160 |  3.632  2.543  0.801  0.2750 0.5250 0.5500   0.517
 200 |  3.632  2.543  0.801  0.2750 0.5250 0.5500   0.517
 240 |  3.632  2.543  0.801  0.2750 0.5250 0.5500   0.517
 280 |  3.632  2.543  0.801  0.2750 0.5250 0.5500   0.517
 320 |  3.632  2.543  0.801  0.2750 0.5250 0.5500   0.517
 360 |  3.632  2.543  0.801  0.2750 0.5250 0.5500   0.517
 400 |  3.632  2.543  0.801  0.2750 0.5250 0.5500   0.517
 440 |  3.632  2.543  0.801  0.2750 0.5250 0.5500   0.517
 480 |  3.632  2.543  0.801  0.2750 0.5250 0.5500   0.517
 520 |  3.632  2.543  0.801  0.2750 0.5250 0.5500   0.517
 560 |  3.632  2.543  0.801  0.2750 0.5250 0.5500   0.517
 600 |  3.632  2.543  0.801  0.2750 0.5250 0.5500   0.517
 640 |  3.632  2.543  0.801  0.2750 0.5250 0.5500   0.517
 680 |  3.632  2.543  0.801  0.2750 0.5250 0.5500   0.517
 720 |  3.632  2.543  0.801  0.2750 0.5250 0.5500   0.517
 760 |  3.632  2.543  0.801  0.2750 0.5250 0.5500   0.517
 800 |  3.632  2.543  0.801  0.2750 0.5250 0.5500   0.517
 840 |  3.632  2.543  0.801  0.2750 0.5250 0.5500   0.517
 880 |  3.632  2.543  0.801  0.2750 0.5250 0.5500   0.517
 920 |  3.632  2.543  0.801  0.2750 0.5250 0.5500   0.517
 960 |  3.632  2.543  0.801  0.2750 0.5250 0.5500   0.517
1000 |  3.632  2.543  0.801  0.2750 0.5250 0.5500   0.517
1040 |  3.632  2.543  0.801  0.2750 0.5250 0.5500   0.517
1080 |  3.632  2.543  0.801  0.2750 0.5250 0.5500   0.517
1120 |  3.632  2.543  0.801  0.2750 0.5250 0.5500   0.517
1160 |  3.632  2.543  0.801  0.2750 0.5250 0.5500   0.517
1200 |  3.632  2.543  0.801  0.2750 0.5250 0.5500   0.517
1240 |  3.632  2.543  0.801  0.2750 0.5250 0.5500   0.517
1280 |  3.632  2.543  0.801  0.2750 0.5250 0.5500   0.517
1320 |  3.632  2.543  0.801  0.2750 0.5250 0.5500   0.517
1360 |  3.632  2.543  0.801  0.2750 0.5250 0.5500   0.517
1400 |  3.632  2.543  0.801  0.2750 0.5250 0.5500   0.517
1440 |  3.632  2.543  0.801  0.2750 0.5250 0.5500   0.517
1480 |  3.632  2.543  0.801  0.2750 0.5250 0.5500   0.517
1520 |  3.632  2.543  0.801  0.2750 0.5250 0.5500   0.517
1560 |  3.632  2.543  0.801  0.2750 0.5250 0.5500   0.517
1600 |  3.632  2.543  0.801  0.2750 0.5250 0.5500   0.517
1640 |  3.632  2.543  0.801  0.2750 0.5250 0.5500   0.517
1680 |  3.632  2.543  0.801  0.2750 0.5250 0.5500   0.517
1720 |  3.632  2.543  0.801  0.2750 0.5250 0.5500   0.517
1760 |  3.632  2.543  0.801  0.2750 0.5250 0.5500   0.517
1800 |  3.632  2.543  0.801  0.2750 0.5250 0.5500   0.517
1840 |  3.632  2.543  0.801  0.2750 0.5250 0.5500   0.517
1880 |  3.632  2.543  0.801  0.2750 0.5250 0.5500   0.517
1920 |  3.632  2.543  0.801  0.2750 0.5250 0.5500   0.517
1960 |  3.632  2.543  0.801  0.2750 0.5250 0.5500   0.517
  64 |  3.632  2.543  0.801  0.2750 0.5250 0.5500   0.517
#
