# Superwater/superwater_010/1p1x_A.pdb
# Protein CA rmsd=  0.000
#  N |   RMSD    Ave    Med   f<0.5  f<1.0  f<1.5
  53 |  6.998  5.661  7.249  0.3019 0.3396 0.3396   0.330
 106 |  3.881  2.498  0.581  0.4717 0.6038 0.6038   0.384
 159 |  2.349  1.478  0.555  0.4717 0.6981 0.7170   0.479
 212 |  1.687  1.074  0.549  0.4717 0.7358 0.7736   0.567
 265 |  1.687  1.074  0.549  0.4717 0.7358 0.7736   0.567
 318 |  1.687  1.074  0.549  0.4717 0.7358 0.7736   0.567
 371 |  1.687  1.074  0.549  0.4717 0.7358 0.7736   0.567
 424 |  1.687  1.074  0.549  0.4717 0.7358 0.7736   0.567
 477 |  1.687  1.074  0.549  0.4717 0.7358 0.7736   0.567
 530 |  1.687  1.074  0.549  0.4717 0.7358 0.7736   0.567
 583 |  1.687  1.074  0.549  0.4717 0.7358 0.7736   0.567
 636 |  1.687  1.074  0.549  0.4717 0.7358 0.7736   0.567
 689 |  1.687  1.074  0.549  0.4717 0.7358 0.7736   0.567
 742 |  1.687  1.074  0.549  0.4717 0.7358 0.7736   0.567
 795 |  1.687  1.074  0.549  0.4717 0.7358 0.7736   0.567
 848 |  1.687  1.074  0.549  0.4717 0.7358 0.7736   0.567
 901 |  1.687  1.074  0.549  0.4717 0.7358 0.7736   0.567
 954 |  1.687  1.074  0.549  0.4717 0.7358 0.7736   0.567
1007 |  1.687  1.074  0.549  0.4717 0.7358 0.7736   0.567
1060 |  1.687  1.074  0.549  0.4717 0.7358 0.7736   0.567
1113 |  1.687  1.074  0.549  0.4717 0.7358 0.7736   0.567
1166 |  1.687  1.074  0.549  0.4717 0.7358 0.7736   0.567
1219 |  1.687  1.074  0.549  0.4717 0.7358 0.7736   0.567
1272 |  1.687  1.074  0.549  0.4717 0.7358 0.7736   0.567
1325 |  1.687  1.074  0.549  0.4717 0.7358 0.7736   0.567
1378 |  1.687  1.074  0.549  0.4717 0.7358 0.7736   0.567
1431 |  1.687  1.074  0.549  0.4717 0.7358 0.7736   0.567
1484 |  1.687  1.074  0.549  0.4717 0.7358 0.7736   0.567
1537 |  1.687  1.074  0.549  0.4717 0.7358 0.7736   0.567
1590 |  1.687  1.074  0.549  0.4717 0.7358 0.7736   0.567
1643 |  1.687  1.074  0.549  0.4717 0.7358 0.7736   0.567
1696 |  1.687  1.074  0.549  0.4717 0.7358 0.7736   0.567
1749 |  1.687  1.074  0.549  0.4717 0.7358 0.7736   0.567
1802 |  1.687  1.074  0.549  0.4717 0.7358 0.7736   0.567
1855 |  1.687  1.074  0.549  0.4717 0.7358 0.7736   0.567
1908 |  1.687  1.074  0.549  0.4717 0.7358 0.7736   0.567
1961 |  1.687  1.074  0.549  0.4717 0.7358 0.7736   0.567
2014 |  1.687  1.074  0.549  0.4717 0.7358 0.7736   0.567
2067 |  1.687  1.074  0.549  0.4717 0.7358 0.7736   0.567
2120 |  1.687  1.074  0.549  0.4717 0.7358 0.7736   0.567
2173 |  1.687  1.074  0.549  0.4717 0.7358 0.7736   0.567
2226 |  1.687  1.074  0.549  0.4717 0.7358 0.7736   0.567
2279 |  1.687  1.074  0.549  0.4717 0.7358 0.7736   0.567
2332 |  1.687  1.074  0.549  0.4717 0.7358 0.7736   0.567
2385 |  1.687  1.074  0.549  0.4717 0.7358 0.7736   0.567
2438 |  1.687  1.074  0.549  0.4717 0.7358 0.7736   0.567
2491 |  1.687  1.074  0.549  0.4717 0.7358 0.7736   0.567
2544 |  1.687  1.074  0.549  0.4717 0.7358 0.7736   0.567
2597 |  1.687  1.074  0.549  0.4717 0.7358 0.7736   0.567
 207 |  1.687  1.074  0.549  0.4717 0.7358 0.7736   0.567
#
