# Superwater/superwater_010/1rtq_A.pdb
# Protein CA rmsd=  0.000
#  N |   RMSD    Ave    Med   f<0.5  f<1.0  f<1.5
 108 |  5.655  4.208  3.787  0.2500 0.3611 0.4259   0.632
 216 |  3.624  2.453  1.082  0.2963 0.4722 0.5833   0.687
 324 |  3.624  2.453  1.082  0.2963 0.4722 0.5833   0.687
 432 |  3.624  2.453  1.082  0.2963 0.4722 0.5833   0.687
 540 |  3.624  2.453  1.082  0.2963 0.4722 0.5833   0.687
 648 |  3.624  2.453  1.082  0.2963 0.4722 0.5833   0.687
 756 |  3.624  2.453  1.082  0.2963 0.4722 0.5833   0.687
 864 |  3.624  2.453  1.082  0.2963 0.4722 0.5833   0.687
 972 |  3.624  2.453  1.082  0.2963 0.4722 0.5833   0.687
1080 |  3.624  2.453  1.082  0.2963 0.4722 0.5833   0.687
1188 |  3.624  2.453  1.082  0.2963 0.4722 0.5833   0.687
1296 |  3.624  2.453  1.082  0.2963 0.4722 0.5833   0.687
1404 |  3.624  2.453  1.082  0.2963 0.4722 0.5833   0.687
1512 |  3.624  2.453  1.082  0.2963 0.4722 0.5833   0.687
1620 |  3.624  2.453  1.082  0.2963 0.4722 0.5833   0.687
1728 |  3.624  2.453  1.082  0.2963 0.4722 0.5833   0.687
1836 |  3.624  2.453  1.082  0.2963 0.4722 0.5833   0.687
1944 |  3.624  2.453  1.082  0.2963 0.4722 0.5833   0.687
2052 |  3.624  2.453  1.082  0.2963 0.4722 0.5833   0.687
2160 |  3.624  2.453  1.082  0.2963 0.4722 0.5833   0.687
2268 |  3.624  2.453  1.082  0.2963 0.4722 0.5833   0.687
2376 |  3.624  2.453  1.082  0.2963 0.4722 0.5833   0.687
2484 |  3.624  2.453  1.082  0.2963 0.4722 0.5833   0.687
2592 |  3.624  2.453  1.082  0.2963 0.4722 0.5833   0.687
2700 |  3.624  2.453  1.082  0.2963 0.4722 0.5833   0.687
2808 |  3.624  2.453  1.082  0.2963 0.4722 0.5833   0.687
2916 |  3.624  2.453  1.082  0.2963 0.4722 0.5833   0.687
3024 |  3.624  2.453  1.082  0.2963 0.4722 0.5833   0.687
3132 |  3.624  2.453  1.082  0.2963 0.4722 0.5833   0.687
3240 |  3.624  2.453  1.082  0.2963 0.4722 0.5833   0.687
3348 |  3.624  2.453  1.082  0.2963 0.4722 0.5833   0.687
3456 |  3.624  2.453  1.082  0.2963 0.4722 0.5833   0.687
3564 |  3.624  2.453  1.082  0.2963 0.4722 0.5833   0.687
3672 |  3.624  2.453  1.082  0.2963 0.4722 0.5833   0.687
3780 |  3.624  2.453  1.082  0.2963 0.4722 0.5833   0.687
3888 |  3.624  2.453  1.082  0.2963 0.4722 0.5833   0.687
3996 |  3.624  2.453  1.082  0.2963 0.4722 0.5833   0.687
4104 |  3.624  2.453  1.082  0.2963 0.4722 0.5833   0.687
4212 |  3.624  2.453  1.082  0.2963 0.4722 0.5833   0.687
4320 |  3.624  2.453  1.082  0.2963 0.4722 0.5833   0.687
4428 |  3.624  2.453  1.082  0.2963 0.4722 0.5833   0.687
4536 |  3.624  2.453  1.082  0.2963 0.4722 0.5833   0.687
4644 |  3.624  2.453  1.082  0.2963 0.4722 0.5833   0.687
4752 |  3.624  2.453  1.082  0.2963 0.4722 0.5833   0.687
4860 |  3.624  2.453  1.082  0.2963 0.4722 0.5833   0.687
4968 |  3.624  2.453  1.082  0.2963 0.4722 0.5833   0.687
5076 |  3.624  2.453  1.082  0.2963 0.4722 0.5833   0.687
5184 |  3.624  2.453  1.082  0.2963 0.4722 0.5833   0.687
5292 |  3.624  2.453  1.082  0.2963 0.4722 0.5833   0.687
 184 |  3.624  2.453  1.082  0.2963 0.4722 0.5833   0.687
#
