# Superwater/superwater_010/1tqg_A.pdb
# Protein CA rmsd=  0.000
#  N |   RMSD    Ave    Med   f<0.5  f<1.0  f<1.5
  18 |  7.893  6.893  9.156  0.1667 0.2222 0.2222   0.419
  36 |  6.297  5.226  5.419  0.1667 0.2778 0.2778   0.497
  54 |  4.582  3.338  2.362  0.2222 0.4444 0.5000   0.663
  72 |  4.582  3.338  2.362  0.2222 0.4444 0.5000   0.663
  90 |  4.582  3.338  2.362  0.2222 0.4444 0.5000   0.663
 108 |  4.582  3.338  2.362  0.2222 0.4444 0.5000   0.663
 126 |  4.582  3.338  2.362  0.2222 0.4444 0.5000   0.663
 144 |  4.582  3.338  2.362  0.2222 0.4444 0.5000   0.663
 162 |  4.582  3.338  2.362  0.2222 0.4444 0.5000   0.663
 180 |  4.582  3.338  2.362  0.2222 0.4444 0.5000   0.663
 198 |  4.582  3.338  2.362  0.2222 0.4444 0.5000   0.663
 216 |  4.582  3.338  2.362  0.2222 0.4444 0.5000   0.663
 234 |  4.582  3.338  2.362  0.2222 0.4444 0.5000   0.663
 252 |  4.582  3.338  2.362  0.2222 0.4444 0.5000   0.663
 270 |  4.582  3.338  2.362  0.2222 0.4444 0.5000   0.663
 288 |  4.582  3.338  2.362  0.2222 0.4444 0.5000   0.663
 306 |  4.582  3.338  2.362  0.2222 0.4444 0.5000   0.663
 324 |  4.582  3.338  2.362  0.2222 0.4444 0.5000   0.663
 342 |  4.582  3.338  2.362  0.2222 0.4444 0.5000   0.663
 360 |  4.582  3.338  2.362  0.2222 0.4444 0.5000   0.663
 378 |  4.582  3.338  2.362  0.2222 0.4444 0.5000   0.663
 396 |  4.582  3.338  2.362  0.2222 0.4444 0.5000   0.663
 414 |  4.582  3.338  2.362  0.2222 0.4444 0.5000   0.663
 432 |  4.582  3.338  2.362  0.2222 0.4444 0.5000   0.663
 450 |  4.582  3.338  2.362  0.2222 0.4444 0.5000   0.663
 468 |  4.582  3.338  2.362  0.2222 0.4444 0.5000   0.663
 486 |  4.582  3.338  2.362  0.2222 0.4444 0.5000   0.663
 504 |  4.582  3.338  2.362  0.2222 0.4444 0.5000   0.663
 522 |  4.582  3.338  2.362  0.2222 0.4444 0.5000   0.663
 540 |  4.582  3.338  2.362  0.2222 0.4444 0.5000   0.663
 558 |  4.582  3.338  2.362  0.2222 0.4444 0.5000   0.663
 576 |  4.582  3.338  2.362  0.2222 0.4444 0.5000   0.663
 594 |  4.582  3.338  2.362  0.2222 0.4444 0.5000   0.663
 612 |  4.582  3.338  2.362  0.2222 0.4444 0.5000   0.663
 630 |  4.582  3.338  2.362  0.2222 0.4444 0.5000   0.663
 648 |  4.582  3.338  2.362  0.2222 0.4444 0.5000   0.663
 666 |  4.582  3.338  2.362  0.2222 0.4444 0.5000   0.663
 684 |  4.582  3.338  2.362  0.2222 0.4444 0.5000   0.663
 702 |  4.582  3.338  2.362  0.2222 0.4444 0.5000   0.663
 720 |  4.582  3.338  2.362  0.2222 0.4444 0.5000   0.663
 738 |  4.582  3.338  2.362  0.2222 0.4444 0.5000   0.663
 756 |  4.582  3.338  2.362  0.2222 0.4444 0.5000   0.663
 774 |  4.582  3.338  2.362  0.2222 0.4444 0.5000   0.663
 792 |  4.582  3.338  2.362  0.2222 0.4444 0.5000   0.663
 810 |  4.582  3.338  2.362  0.2222 0.4444 0.5000   0.663
 828 |  4.582  3.338  2.362  0.2222 0.4444 0.5000   0.663
 846 |  4.582  3.338  2.362  0.2222 0.4444 0.5000   0.663
 864 |  4.582  3.338  2.362  0.2222 0.4444 0.5000   0.663
 882 |  4.582  3.338  2.362  0.2222 0.4444 0.5000   0.663
  55 |  4.582  3.338  2.362  0.2222 0.4444 0.5000   0.663
#
