# Superwater/superwater_010/1tt8_A.pdb
# Protein CA rmsd=  0.000
#  N |   RMSD    Ave    Med   f<0.5  f<1.0  f<1.5
  70 |  5.182  3.500  0.857  0.3571 0.5143 0.5429   0.452
 140 |  3.549  2.206  0.585  0.4000 0.6000 0.6571   0.503
 210 |  3.549  2.206  0.585  0.4000 0.6000 0.6571   0.503
 280 |  3.549  2.206  0.585  0.4000 0.6000 0.6571   0.503
 350 |  3.549  2.206  0.585  0.4000 0.6000 0.6571   0.503
 420 |  3.549  2.206  0.585  0.4000 0.6000 0.6571   0.503
 490 |  3.549  2.206  0.585  0.4000 0.6000 0.6571   0.503
 560 |  3.549  2.206  0.585  0.4000 0.6000 0.6571   0.503
 630 |  3.549  2.206  0.585  0.4000 0.6000 0.6571   0.503
 700 |  3.549  2.206  0.585  0.4000 0.6000 0.6571   0.503
 770 |  3.549  2.206  0.585  0.4000 0.6000 0.6571   0.503
 840 |  3.549  2.206  0.585  0.4000 0.6000 0.6571   0.503
 910 |  3.549  2.206  0.585  0.4000 0.6000 0.6571   0.503
 980 |  3.549  2.206  0.585  0.4000 0.6000 0.6571   0.503
1050 |  3.549  2.206  0.585  0.4000 0.6000 0.6571   0.503
1120 |  3.549  2.206  0.585  0.4000 0.6000 0.6571   0.503
1190 |  3.549  2.206  0.585  0.4000 0.6000 0.6571   0.503
1260 |  3.549  2.206  0.585  0.4000 0.6000 0.6571   0.503
1330 |  3.549  2.206  0.585  0.4000 0.6000 0.6571   0.503
1400 |  3.549  2.206  0.585  0.4000 0.6000 0.6571   0.503
1470 |  3.549  2.206  0.585  0.4000 0.6000 0.6571   0.503
1540 |  3.549  2.206  0.585  0.4000 0.6000 0.6571   0.503
1610 |  3.549  2.206  0.585  0.4000 0.6000 0.6571   0.503
1680 |  3.549  2.206  0.585  0.4000 0.6000 0.6571   0.503
1750 |  3.549  2.206  0.585  0.4000 0.6000 0.6571   0.503
1820 |  3.549  2.206  0.585  0.4000 0.6000 0.6571   0.503
1890 |  3.549  2.206  0.585  0.4000 0.6000 0.6571   0.503
1960 |  3.549  2.206  0.585  0.4000 0.6000 0.6571   0.503
2030 |  3.549  2.206  0.585  0.4000 0.6000 0.6571   0.503
2100 |  3.549  2.206  0.585  0.4000 0.6000 0.6571   0.503
2170 |  3.549  2.206  0.585  0.4000 0.6000 0.6571   0.503
2240 |  3.549  2.206  0.585  0.4000 0.6000 0.6571   0.503
2310 |  3.549  2.206  0.585  0.4000 0.6000 0.6571   0.503
2380 |  3.549  2.206  0.585  0.4000 0.6000 0.6571   0.503
2450 |  3.549  2.206  0.585  0.4000 0.6000 0.6571   0.503
2520 |  3.549  2.206  0.585  0.4000 0.6000 0.6571   0.503
2590 |  3.549  2.206  0.585  0.4000 0.6000 0.6571   0.503
2660 |  3.549  2.206  0.585  0.4000 0.6000 0.6571   0.503
2730 |  3.549  2.206  0.585  0.4000 0.6000 0.6571   0.503
2800 |  3.549  2.206  0.585  0.4000 0.6000 0.6571   0.503
2870 |  3.549  2.206  0.585  0.4000 0.6000 0.6571   0.503
2940 |  3.549  2.206  0.585  0.4000 0.6000 0.6571   0.503
3010 |  3.549  2.206  0.585  0.4000 0.6000 0.6571   0.503
3080 |  3.549  2.206  0.585  0.4000 0.6000 0.6571   0.503
3150 |  3.549  2.206  0.585  0.4000 0.6000 0.6571   0.503
3220 |  3.549  2.206  0.585  0.4000 0.6000 0.6571   0.503
3290 |  3.549  2.206  0.585  0.4000 0.6000 0.6571   0.503
3360 |  3.549  2.206  0.585  0.4000 0.6000 0.6571   0.503
3430 |  3.549  2.206  0.585  0.4000 0.6000 0.6571   0.503
 102 |  3.549  2.206  0.585  0.4000 0.6000 0.6571   0.503
#
