# Superwater/superwater_010/1unq_A.pdb
# Protein CA rmsd=  0.000
#  N |   RMSD    Ave    Med   f<0.5  f<1.0  f<1.5
  44 |  5.764  4.521  4.642  0.1818 0.3409 0.3864   0.550
  88 |  4.915  3.565  2.237  0.2045 0.4545 0.5000   0.577
 132 |  4.915  3.565  2.237  0.2045 0.4545 0.5000   0.577
 176 |  4.915  3.565  2.237  0.2045 0.4545 0.5000   0.577
 220 |  4.915  3.565  2.237  0.2045 0.4545 0.5000   0.577
 264 |  4.915  3.565  2.237  0.2045 0.4545 0.5000   0.577
 308 |  4.915  3.565  2.237  0.2045 0.4545 0.5000   0.577
 352 |  4.915  3.565  2.237  0.2045 0.4545 0.5000   0.577
 396 |  4.915  3.565  2.237  0.2045 0.4545 0.5000   0.577
 440 |  4.915  3.565  2.237  0.2045 0.4545 0.5000   0.577
 484 |  4.915  3.565  2.237  0.2045 0.4545 0.5000   0.577
 528 |  4.915  3.565  2.237  0.2045 0.4545 0.5000   0.577
 572 |  4.915  3.565  2.237  0.2045 0.4545 0.5000   0.577
 616 |  4.915  3.565  2.237  0.2045 0.4545 0.5000   0.577
 660 |  4.915  3.565  2.237  0.2045 0.4545 0.5000   0.577
 704 |  4.915  3.565  2.237  0.2045 0.4545 0.5000   0.577
 748 |  4.915  3.565  2.237  0.2045 0.4545 0.5000   0.577
 792 |  4.915  3.565  2.237  0.2045 0.4545 0.5000   0.577
 836 |  4.915  3.565  2.237  0.2045 0.4545 0.5000   0.577
 880 |  4.915  3.565  2.237  0.2045 0.4545 0.5000   0.577
 924 |  4.915  3.565  2.237  0.2045 0.4545 0.5000   0.577
 968 |  4.915  3.565  2.237  0.2045 0.4545 0.5000   0.577
1012 |  4.915  3.565  2.237  0.2045 0.4545 0.5000   0.577
1056 |  4.915  3.565  2.237  0.2045 0.4545 0.5000   0.577
1100 |  4.915  3.565  2.237  0.2045 0.4545 0.5000   0.577
1144 |  4.915  3.565  2.237  0.2045 0.4545 0.5000   0.577
1188 |  4.915  3.565  2.237  0.2045 0.4545 0.5000   0.577
1232 |  4.915  3.565  2.237  0.2045 0.4545 0.5000   0.577
1276 |  4.915  3.565  2.237  0.2045 0.4545 0.5000   0.577
1320 |  4.915  3.565  2.237  0.2045 0.4545 0.5000   0.577
1364 |  4.915  3.565  2.237  0.2045 0.4545 0.5000   0.577
1408 |  4.915  3.565  2.237  0.2045 0.4545 0.5000   0.577
1452 |  4.915  3.565  2.237  0.2045 0.4545 0.5000   0.577
1496 |  4.915  3.565  2.237  0.2045 0.4545 0.5000   0.577
1540 |  4.915  3.565  2.237  0.2045 0.4545 0.5000   0.577
1584 |  4.915  3.565  2.237  0.2045 0.4545 0.5000   0.577
1628 |  4.915  3.565  2.237  0.2045 0.4545 0.5000   0.577
1672 |  4.915  3.565  2.237  0.2045 0.4545 0.5000   0.577
1716 |  4.915  3.565  2.237  0.2045 0.4545 0.5000   0.577
1760 |  4.915  3.565  2.237  0.2045 0.4545 0.5000   0.577
1804 |  4.915  3.565  2.237  0.2045 0.4545 0.5000   0.577
1848 |  4.915  3.565  2.237  0.2045 0.4545 0.5000   0.577
1892 |  4.915  3.565  2.237  0.2045 0.4545 0.5000   0.577
1936 |  4.915  3.565  2.237  0.2045 0.4545 0.5000   0.577
1980 |  4.915  3.565  2.237  0.2045 0.4545 0.5000   0.577
2024 |  4.915  3.565  2.237  0.2045 0.4545 0.5000   0.577
2068 |  4.915  3.565  2.237  0.2045 0.4545 0.5000   0.577
2112 |  4.915  3.565  2.237  0.2045 0.4545 0.5000   0.577
2156 |  4.915  3.565  2.237  0.2045 0.4545 0.5000   0.577
  68 |  4.915  3.565  2.237  0.2045 0.4545 0.5000   0.577
#
