# Superwater/superwater_010/1vyr_A.pdb
# Protein CA rmsd=  0.000
#  N |   RMSD    Ave    Med   f<0.5  f<1.0  f<1.5
 155 |  5.744  4.203  2.816  0.3032 0.4194 0.4387   0.424
 310 |  2.678  1.619  0.656  0.4000 0.6581 0.7290   0.557
 465 |  2.225  1.363  0.656  0.4000 0.6968 0.7742   0.570
 620 |  2.225  1.363  0.656  0.4000 0.6968 0.7742   0.570
 775 |  2.225  1.363  0.656  0.4000 0.6968 0.7742   0.570
 930 |  2.225  1.363  0.656  0.4000 0.6968 0.7742   0.570
1085 |  2.225  1.363  0.656  0.4000 0.6968 0.7742   0.570
1240 |  2.225  1.363  0.656  0.4000 0.6968 0.7742   0.570
1395 |  2.225  1.363  0.656  0.4000 0.6968 0.7742   0.570
1550 |  2.225  1.363  0.656  0.4000 0.6968 0.7742   0.570
1705 |  2.225  1.363  0.656  0.4000 0.6968 0.7742   0.570
1860 |  2.225  1.363  0.656  0.4000 0.6968 0.7742   0.570
2015 |  2.225  1.363  0.656  0.4000 0.6968 0.7742   0.570
2170 |  2.225  1.363  0.656  0.4000 0.6968 0.7742   0.570
2325 |  2.225  1.363  0.656  0.4000 0.6968 0.7742   0.570
2480 |  2.225  1.363  0.656  0.4000 0.6968 0.7742   0.570
2635 |  2.225  1.363  0.656  0.4000 0.6968 0.7742   0.570
2790 |  2.225  1.363  0.656  0.4000 0.6968 0.7742   0.570
2945 |  2.225  1.363  0.656  0.4000 0.6968 0.7742   0.570
3100 |  2.225  1.363  0.656  0.4000 0.6968 0.7742   0.570
3255 |  2.225  1.363  0.656  0.4000 0.6968 0.7742   0.570
3410 |  2.225  1.363  0.656  0.4000 0.6968 0.7742   0.570
3565 |  2.225  1.363  0.656  0.4000 0.6968 0.7742   0.570
3720 |  2.225  1.363  0.656  0.4000 0.6968 0.7742   0.570
3875 |  2.225  1.363  0.656  0.4000 0.6968 0.7742   0.570
4030 |  2.225  1.363  0.656  0.4000 0.6968 0.7742   0.570
4185 |  2.225  1.363  0.656  0.4000 0.6968 0.7742   0.570
4340 |  2.225  1.363  0.656  0.4000 0.6968 0.7742   0.570
4495 |  2.225  1.363  0.656  0.4000 0.6968 0.7742   0.570
4650 |  2.225  1.363  0.656  0.4000 0.6968 0.7742   0.570
4805 |  2.225  1.363  0.656  0.4000 0.6968 0.7742   0.570
4960 |  2.225  1.363  0.656  0.4000 0.6968 0.7742   0.570
5115 |  2.225  1.363  0.656  0.4000 0.6968 0.7742   0.570
5270 |  2.225  1.363  0.656  0.4000 0.6968 0.7742   0.570
5425 |  2.225  1.363  0.656  0.4000 0.6968 0.7742   0.570
5580 |  2.225  1.363  0.656  0.4000 0.6968 0.7742   0.570
5735 |  2.225  1.363  0.656  0.4000 0.6968 0.7742   0.570
5890 |  2.225  1.363  0.656  0.4000 0.6968 0.7742   0.570
6045 |  2.225  1.363  0.656  0.4000 0.6968 0.7742   0.570
6200 |  2.225  1.363  0.656  0.4000 0.6968 0.7742   0.570
6355 |  2.225  1.363  0.656  0.4000 0.6968 0.7742   0.570
6510 |  2.225  1.363  0.656  0.4000 0.6968 0.7742   0.570
6665 |  2.225  1.363  0.656  0.4000 0.6968 0.7742   0.570
6820 |  2.225  1.363  0.656  0.4000 0.6968 0.7742   0.570
6975 |  2.225  1.363  0.656  0.4000 0.6968 0.7742   0.570
7130 |  2.225  1.363  0.656  0.4000 0.6968 0.7742   0.570
7285 |  2.225  1.363  0.656  0.4000 0.6968 0.7742   0.570
7440 |  2.225  1.363  0.656  0.4000 0.6968 0.7742   0.570
7595 |  2.225  1.363  0.656  0.4000 0.6968 0.7742   0.570
 345 |  2.225  1.363  0.656  0.4000 0.6968 0.7742   0.570
#
