# Superwater/superwater_010/1x8q_A.pdb
# Protein CA rmsd=  0.000
#  N |   RMSD    Ave    Med   f<0.5  f<1.0  f<1.5
  82 |  5.702  4.172  2.804  0.2561 0.3902 0.3902   0.581
 164 |  2.771  1.771  0.853  0.3049 0.5854 0.6463   0.646
 246 |  2.771  1.771  0.853  0.3049 0.5854 0.6463   0.646
 328 |  2.771  1.771  0.853  0.3049 0.5854 0.6463   0.646
 410 |  2.771  1.771  0.853  0.3049 0.5854 0.6463   0.646
 492 |  2.771  1.771  0.853  0.3049 0.5854 0.6463   0.646
 574 |  2.771  1.771  0.853  0.3049 0.5854 0.6463   0.646
 656 |  2.771  1.771  0.853  0.3049 0.5854 0.6463   0.646
 738 |  2.771  1.771  0.853  0.3049 0.5854 0.6463   0.646
 820 |  2.771  1.771  0.853  0.3049 0.5854 0.6463   0.646
 902 |  2.771  1.771  0.853  0.3049 0.5854 0.6463   0.646
 984 |  2.771  1.771  0.853  0.3049 0.5854 0.6463   0.646
1066 |  2.771  1.771  0.853  0.3049 0.5854 0.6463   0.646
1148 |  2.771  1.771  0.853  0.3049 0.5854 0.6463   0.646
1230 |  2.771  1.771  0.853  0.3049 0.5854 0.6463   0.646
1312 |  2.771  1.771  0.853  0.3049 0.5854 0.6463   0.646
1394 |  2.771  1.771  0.853  0.3049 0.5854 0.6463   0.646
1476 |  2.771  1.771  0.853  0.3049 0.5854 0.6463   0.646
1558 |  2.771  1.771  0.853  0.3049 0.5854 0.6463   0.646
1640 |  2.771  1.771  0.853  0.3049 0.5854 0.6463   0.646
1722 |  2.771  1.771  0.853  0.3049 0.5854 0.6463   0.646
1804 |  2.771  1.771  0.853  0.3049 0.5854 0.6463   0.646
1886 |  2.771  1.771  0.853  0.3049 0.5854 0.6463   0.646
1968 |  2.771  1.771  0.853  0.3049 0.5854 0.6463   0.646
2050 |  2.771  1.771  0.853  0.3049 0.5854 0.6463   0.646
2132 |  2.771  1.771  0.853  0.3049 0.5854 0.6463   0.646
2214 |  2.771  1.771  0.853  0.3049 0.5854 0.6463   0.646
2296 |  2.771  1.771  0.853  0.3049 0.5854 0.6463   0.646
2378 |  2.771  1.771  0.853  0.3049 0.5854 0.6463   0.646
2460 |  2.771  1.771  0.853  0.3049 0.5854 0.6463   0.646
2542 |  2.771  1.771  0.853  0.3049 0.5854 0.6463   0.646
2624 |  2.771  1.771  0.853  0.3049 0.5854 0.6463   0.646
2706 |  2.771  1.771  0.853  0.3049 0.5854 0.6463   0.646
2788 |  2.771  1.771  0.853  0.3049 0.5854 0.6463   0.646
2870 |  2.771  1.771  0.853  0.3049 0.5854 0.6463   0.646
2952 |  2.771  1.771  0.853  0.3049 0.5854 0.6463   0.646
3034 |  2.771  1.771  0.853  0.3049 0.5854 0.6463   0.646
3116 |  2.771  1.771  0.853  0.3049 0.5854 0.6463   0.646
3198 |  2.771  1.771  0.853  0.3049 0.5854 0.6463   0.646
3280 |  2.771  1.771  0.853  0.3049 0.5854 0.6463   0.646
3362 |  2.771  1.771  0.853  0.3049 0.5854 0.6463   0.646
3444 |  2.771  1.771  0.853  0.3049 0.5854 0.6463   0.646
3526 |  2.771  1.771  0.853  0.3049 0.5854 0.6463   0.646
3608 |  2.771  1.771  0.853  0.3049 0.5854 0.6463   0.646
3690 |  2.771  1.771  0.853  0.3049 0.5854 0.6463   0.646
3772 |  2.771  1.771  0.853  0.3049 0.5854 0.6463   0.646
3854 |  2.771  1.771  0.853  0.3049 0.5854 0.6463   0.646
3936 |  2.771  1.771  0.853  0.3049 0.5854 0.6463   0.646
4018 |  2.771  1.771  0.853  0.3049 0.5854 0.6463   0.646
 142 |  2.771  1.771  0.853  0.3049 0.5854 0.6463   0.646
#
