# Superwater/superwater_010/2a6z_A.pdb
# Protein CA rmsd=  0.000
#  N |   RMSD    Ave    Med   f<0.5  f<1.0  f<1.5
 107 |  4.774  3.292  1.025  0.2991 0.4953 0.5234   0.520
 214 |  3.171  1.961  0.710  0.3551 0.6355 0.6916   0.563
 321 |  3.171  1.961  0.710  0.3551 0.6355 0.6916   0.563
 428 |  3.171  1.961  0.710  0.3551 0.6355 0.6916   0.563
 535 |  3.171  1.961  0.710  0.3551 0.6355 0.6916   0.563
 642 |  3.171  1.961  0.710  0.3551 0.6355 0.6916   0.563
 749 |  3.171  1.961  0.710  0.3551 0.6355 0.6916   0.563
 856 |  3.171  1.961  0.710  0.3551 0.6355 0.6916   0.563
 963 |  3.171  1.961  0.710  0.3551 0.6355 0.6916   0.563
1070 |  3.171  1.961  0.710  0.3551 0.6355 0.6916   0.563
1177 |  3.171  1.961  0.710  0.3551 0.6355 0.6916   0.563
1284 |  3.171  1.961  0.710  0.3551 0.6355 0.6916   0.563
1391 |  3.171  1.961  0.710  0.3551 0.6355 0.6916   0.563
1498 |  3.171  1.961  0.710  0.3551 0.6355 0.6916   0.563
1605 |  3.171  1.961  0.710  0.3551 0.6355 0.6916   0.563
1712 |  3.171  1.961  0.710  0.3551 0.6355 0.6916   0.563
1819 |  3.171  1.961  0.710  0.3551 0.6355 0.6916   0.563
1926 |  3.171  1.961  0.710  0.3551 0.6355 0.6916   0.563
2033 |  3.171  1.961  0.710  0.3551 0.6355 0.6916   0.563
2140 |  3.171  1.961  0.710  0.3551 0.6355 0.6916   0.563
2247 |  3.171  1.961  0.710  0.3551 0.6355 0.6916   0.563
2354 |  3.171  1.961  0.710  0.3551 0.6355 0.6916   0.563
2461 |  3.171  1.961  0.710  0.3551 0.6355 0.6916   0.563
2568 |  3.171  1.961  0.710  0.3551 0.6355 0.6916   0.563
2675 |  3.171  1.961  0.710  0.3551 0.6355 0.6916   0.563
2782 |  3.171  1.961  0.710  0.3551 0.6355 0.6916   0.563
2889 |  3.171  1.961  0.710  0.3551 0.6355 0.6916   0.563
2996 |  3.171  1.961  0.710  0.3551 0.6355 0.6916   0.563
3103 |  3.171  1.961  0.710  0.3551 0.6355 0.6916   0.563
3210 |  3.171  1.961  0.710  0.3551 0.6355 0.6916   0.563
3317 |  3.171  1.961  0.710  0.3551 0.6355 0.6916   0.563
3424 |  3.171  1.961  0.710  0.3551 0.6355 0.6916   0.563
3531 |  3.171  1.961  0.710  0.3551 0.6355 0.6916   0.563
3638 |  3.171  1.961  0.710  0.3551 0.6355 0.6916   0.563
3745 |  3.171  1.961  0.710  0.3551 0.6355 0.6916   0.563
3852 |  3.171  1.961  0.710  0.3551 0.6355 0.6916   0.563
3959 |  3.171  1.961  0.710  0.3551 0.6355 0.6916   0.563
4066 |  3.171  1.961  0.710  0.3551 0.6355 0.6916   0.563
4173 |  3.171  1.961  0.710  0.3551 0.6355 0.6916   0.563
4280 |  3.171  1.961  0.710  0.3551 0.6355 0.6916   0.563
4387 |  3.171  1.961  0.710  0.3551 0.6355 0.6916   0.563
4494 |  3.171  1.961  0.710  0.3551 0.6355 0.6916   0.563
4601 |  3.171  1.961  0.710  0.3551 0.6355 0.6916   0.563
4708 |  3.171  1.961  0.710  0.3551 0.6355 0.6916   0.563
4815 |  3.171  1.961  0.710  0.3551 0.6355 0.6916   0.563
4922 |  3.171  1.961  0.710  0.3551 0.6355 0.6916   0.563
5029 |  3.171  1.961  0.710  0.3551 0.6355 0.6916   0.563
5136 |  3.171  1.961  0.710  0.3551 0.6355 0.6916   0.563
5243 |  3.171  1.961  0.710  0.3551 0.6355 0.6916   0.563
 184 |  3.171  1.961  0.710  0.3551 0.6355 0.6916   0.563
#
