# Superwater/superwater_010/2bf6_A.pdb
# Protein CA rmsd=  0.000
#  N |   RMSD    Ave    Med   f<0.5  f<1.0  f<1.5
 183 |  5.358  3.724  1.472  0.3333 0.4863 0.5027   0.494
 366 |  2.596  1.553  0.592  0.4317 0.6940 0.7486   0.552
 549 |  2.596  1.553  0.592  0.4317 0.6940 0.7486   0.552
 732 |  2.596  1.553  0.592  0.4317 0.6940 0.7486   0.552
 915 |  2.596  1.553  0.592  0.4317 0.6940 0.7486   0.552
1098 |  2.596  1.553  0.592  0.4317 0.6940 0.7486   0.552
1281 |  2.596  1.553  0.592  0.4317 0.6940 0.7486   0.552
1464 |  2.596  1.553  0.592  0.4317 0.6940 0.7486   0.552
1647 |  2.596  1.553  0.592  0.4317 0.6940 0.7486   0.552
1830 |  2.596  1.553  0.592  0.4317 0.6940 0.7486   0.552
2013 |  2.596  1.553  0.592  0.4317 0.6940 0.7486   0.552
2196 |  2.596  1.553  0.592  0.4317 0.6940 0.7486   0.552
2379 |  2.596  1.553  0.592  0.4317 0.6940 0.7486   0.552
2562 |  2.596  1.553  0.592  0.4317 0.6940 0.7486   0.552
2745 |  2.596  1.553  0.592  0.4317 0.6940 0.7486   0.552
2928 |  2.596  1.553  0.592  0.4317 0.6940 0.7486   0.552
3111 |  2.596  1.553  0.592  0.4317 0.6940 0.7486   0.552
3294 |  2.596  1.553  0.592  0.4317 0.6940 0.7486   0.552
3477 |  2.596  1.553  0.592  0.4317 0.6940 0.7486   0.552
3660 |  2.596  1.553  0.592  0.4317 0.6940 0.7486   0.552
3843 |  2.596  1.553  0.592  0.4317 0.6940 0.7486   0.552
4026 |  2.596  1.553  0.592  0.4317 0.6940 0.7486   0.552
4209 |  2.596  1.553  0.592  0.4317 0.6940 0.7486   0.552
4392 |  2.596  1.553  0.592  0.4317 0.6940 0.7486   0.552
4575 |  2.596  1.553  0.592  0.4317 0.6940 0.7486   0.552
4758 |  2.596  1.553  0.592  0.4317 0.6940 0.7486   0.552
4941 |  2.596  1.553  0.592  0.4317 0.6940 0.7486   0.552
5124 |  2.596  1.553  0.592  0.4317 0.6940 0.7486   0.552
5307 |  2.596  1.553  0.592  0.4317 0.6940 0.7486   0.552
5490 |  2.596  1.553  0.592  0.4317 0.6940 0.7486   0.552
5673 |  2.596  1.553  0.592  0.4317 0.6940 0.7486   0.552
5856 |  2.596  1.553  0.592  0.4317 0.6940 0.7486   0.552
6039 |  2.596  1.553  0.592  0.4317 0.6940 0.7486   0.552
6222 |  2.596  1.553  0.592  0.4317 0.6940 0.7486   0.552
6405 |  2.596  1.553  0.592  0.4317 0.6940 0.7486   0.552
6588 |  2.596  1.553  0.592  0.4317 0.6940 0.7486   0.552
6771 |  2.596  1.553  0.592  0.4317 0.6940 0.7486   0.552
6954 |  2.596  1.553  0.592  0.4317 0.6940 0.7486   0.552
7137 |  2.596  1.553  0.592  0.4317 0.6940 0.7486   0.552
7320 |  2.596  1.553  0.592  0.4317 0.6940 0.7486   0.552
7503 |  2.596  1.553  0.592  0.4317 0.6940 0.7486   0.552
7686 |  2.596  1.553  0.592  0.4317 0.6940 0.7486   0.552
7869 |  2.596  1.553  0.592  0.4317 0.6940 0.7486   0.552
8052 |  2.596  1.553  0.592  0.4317 0.6940 0.7486   0.552
8235 |  2.596  1.553  0.592  0.4317 0.6940 0.7486   0.552
8418 |  2.596  1.553  0.592  0.4317 0.6940 0.7486   0.552
8601 |  2.596  1.553  0.592  0.4317 0.6940 0.7486   0.552
8784 |  2.596  1.553  0.592  0.4317 0.6940 0.7486   0.552
8967 |  2.596  1.553  0.592  0.4317 0.6940 0.7486   0.552
 347 |  2.596  1.553  0.592  0.4317 0.6940 0.7486   0.552
#
