# Superwater/superwater_010/2cws_A.pdb
# Protein CA rmsd=  0.000
#  N |   RMSD    Ave    Med   f<0.5  f<1.0  f<1.5
  94 |  5.612  4.182  3.936  0.1702 0.3936 0.4362   0.619
 188 |  3.606  2.410  0.831  0.1915 0.5426 0.6277   0.689
 282 |  3.606  2.410  0.831  0.1915 0.5426 0.6277   0.689
 376 |  3.606  2.410  0.831  0.1915 0.5426 0.6277   0.689
 470 |  3.606  2.410  0.831  0.1915 0.5426 0.6277   0.689
 564 |  3.606  2.410  0.831  0.1915 0.5426 0.6277   0.689
 658 |  3.606  2.410  0.831  0.1915 0.5426 0.6277   0.689
 752 |  3.606  2.410  0.831  0.1915 0.5426 0.6277   0.689
 846 |  3.606  2.410  0.831  0.1915 0.5426 0.6277   0.689
 940 |  3.606  2.410  0.831  0.1915 0.5426 0.6277   0.689
1034 |  3.606  2.410  0.831  0.1915 0.5426 0.6277   0.689
1128 |  3.606  2.410  0.831  0.1915 0.5426 0.6277   0.689
1222 |  3.606  2.410  0.831  0.1915 0.5426 0.6277   0.689
1316 |  3.606  2.410  0.831  0.1915 0.5426 0.6277   0.689
1410 |  3.606  2.410  0.831  0.1915 0.5426 0.6277   0.689
1504 |  3.606  2.410  0.831  0.1915 0.5426 0.6277   0.689
1598 |  3.606  2.410  0.831  0.1915 0.5426 0.6277   0.689
1692 |  3.606  2.410  0.831  0.1915 0.5426 0.6277   0.689
1786 |  3.606  2.410  0.831  0.1915 0.5426 0.6277   0.689
1880 |  3.606  2.410  0.831  0.1915 0.5426 0.6277   0.689
1974 |  3.606  2.410  0.831  0.1915 0.5426 0.6277   0.689
2068 |  3.606  2.410  0.831  0.1915 0.5426 0.6277   0.689
2162 |  3.606  2.410  0.831  0.1915 0.5426 0.6277   0.689
2256 |  3.606  2.410  0.831  0.1915 0.5426 0.6277   0.689
2350 |  3.606  2.410  0.831  0.1915 0.5426 0.6277   0.689
2444 |  3.606  2.410  0.831  0.1915 0.5426 0.6277   0.689
2538 |  3.606  2.410  0.831  0.1915 0.5426 0.6277   0.689
2632 |  3.606  2.410  0.831  0.1915 0.5426 0.6277   0.689
2726 |  3.606  2.410  0.831  0.1915 0.5426 0.6277   0.689
2820 |  3.606  2.410  0.831  0.1915 0.5426 0.6277   0.689
2914 |  3.606  2.410  0.831  0.1915 0.5426 0.6277   0.689
3008 |  3.606  2.410  0.831  0.1915 0.5426 0.6277   0.689
3102 |  3.606  2.410  0.831  0.1915 0.5426 0.6277   0.689
3196 |  3.606  2.410  0.831  0.1915 0.5426 0.6277   0.689
3290 |  3.606  2.410  0.831  0.1915 0.5426 0.6277   0.689
3384 |  3.606  2.410  0.831  0.1915 0.5426 0.6277   0.689
3478 |  3.606  2.410  0.831  0.1915 0.5426 0.6277   0.689
3572 |  3.606  2.410  0.831  0.1915 0.5426 0.6277   0.689
3666 |  3.606  2.410  0.831  0.1915 0.5426 0.6277   0.689
3760 |  3.606  2.410  0.831  0.1915 0.5426 0.6277   0.689
3854 |  3.606  2.410  0.831  0.1915 0.5426 0.6277   0.689
3948 |  3.606  2.410  0.831  0.1915 0.5426 0.6277   0.689
4042 |  3.606  2.410  0.831  0.1915 0.5426 0.6277   0.689
4136 |  3.606  2.410  0.831  0.1915 0.5426 0.6277   0.689
4230 |  3.606  2.410  0.831  0.1915 0.5426 0.6277   0.689
4324 |  3.606  2.410  0.831  0.1915 0.5426 0.6277   0.689
4418 |  3.606  2.410  0.831  0.1915 0.5426 0.6277   0.689
4512 |  3.606  2.410  0.831  0.1915 0.5426 0.6277   0.689
4606 |  3.606  2.410  0.831  0.1915 0.5426 0.6277   0.689
 169 |  3.606  2.410  0.831  0.1915 0.5426 0.6277   0.689
#
