# Superwater/superwater_010/2ddx_A.pdb
# Protein CA rmsd=  0.000
#  N |   RMSD    Ave    Med   f<0.5  f<1.0  f<1.5
 153 |  4.957  3.379  0.872  0.3529 0.5098 0.5294   0.479
 306 |  2.507  1.522  0.602  0.4248 0.6928 0.7582   0.567
 459 |  2.507  1.522  0.602  0.4248 0.6928 0.7582   0.567
 612 |  2.507  1.522  0.602  0.4248 0.6928 0.7582   0.567
 765 |  2.507  1.522  0.602  0.4248 0.6928 0.7582   0.567
 918 |  2.507  1.522  0.602  0.4248 0.6928 0.7582   0.567
1071 |  2.507  1.522  0.602  0.4248 0.6928 0.7582   0.567
1224 |  2.507  1.522  0.602  0.4248 0.6928 0.7582   0.567
1377 |  2.507  1.522  0.602  0.4248 0.6928 0.7582   0.567
1530 |  2.507  1.522  0.602  0.4248 0.6928 0.7582   0.567
1683 |  2.507  1.522  0.602  0.4248 0.6928 0.7582   0.567
1836 |  2.507  1.522  0.602  0.4248 0.6928 0.7582   0.567
1989 |  2.507  1.522  0.602  0.4248 0.6928 0.7582   0.567
2142 |  2.507  1.522  0.602  0.4248 0.6928 0.7582   0.567
2295 |  2.507  1.522  0.602  0.4248 0.6928 0.7582   0.567
2448 |  2.507  1.522  0.602  0.4248 0.6928 0.7582   0.567
2601 |  2.507  1.522  0.602  0.4248 0.6928 0.7582   0.567
2754 |  2.507  1.522  0.602  0.4248 0.6928 0.7582   0.567
2907 |  2.507  1.522  0.602  0.4248 0.6928 0.7582   0.567
3060 |  2.507  1.522  0.602  0.4248 0.6928 0.7582   0.567
3213 |  2.507  1.522  0.602  0.4248 0.6928 0.7582   0.567
3366 |  2.507  1.522  0.602  0.4248 0.6928 0.7582   0.567
3519 |  2.507  1.522  0.602  0.4248 0.6928 0.7582   0.567
3672 |  2.507  1.522  0.602  0.4248 0.6928 0.7582   0.567
3825 |  2.507  1.522  0.602  0.4248 0.6928 0.7582   0.567
3978 |  2.507  1.522  0.602  0.4248 0.6928 0.7582   0.567
4131 |  2.507  1.522  0.602  0.4248 0.6928 0.7582   0.567
4284 |  2.507  1.522  0.602  0.4248 0.6928 0.7582   0.567
4437 |  2.507  1.522  0.602  0.4248 0.6928 0.7582   0.567
4590 |  2.507  1.522  0.602  0.4248 0.6928 0.7582   0.567
4743 |  2.507  1.522  0.602  0.4248 0.6928 0.7582   0.567
4896 |  2.507  1.522  0.602  0.4248 0.6928 0.7582   0.567
5049 |  2.507  1.522  0.602  0.4248 0.6928 0.7582   0.567
5202 |  2.507  1.522  0.602  0.4248 0.6928 0.7582   0.567
5355 |  2.507  1.522  0.602  0.4248 0.6928 0.7582   0.567
5508 |  2.507  1.522  0.602  0.4248 0.6928 0.7582   0.567
5661 |  2.507  1.522  0.602  0.4248 0.6928 0.7582   0.567
5814 |  2.507  1.522  0.602  0.4248 0.6928 0.7582   0.567
5967 |  2.507  1.522  0.602  0.4248 0.6928 0.7582   0.567
6120 |  2.507  1.522  0.602  0.4248 0.6928 0.7582   0.567
6273 |  2.507  1.522  0.602  0.4248 0.6928 0.7582   0.567
6426 |  2.507  1.522  0.602  0.4248 0.6928 0.7582   0.567
6579 |  2.507  1.522  0.602  0.4248 0.6928 0.7582   0.567
6732 |  2.507  1.522  0.602  0.4248 0.6928 0.7582   0.567
6885 |  2.507  1.522  0.602  0.4248 0.6928 0.7582   0.567
7038 |  2.507  1.522  0.602  0.4248 0.6928 0.7582   0.567
7191 |  2.507  1.522  0.602  0.4248 0.6928 0.7582   0.567
7344 |  2.507  1.522  0.602  0.4248 0.6928 0.7582   0.567
7497 |  2.507  1.522  0.602  0.4248 0.6928 0.7582   0.567
 288 |  2.507  1.522  0.602  0.4248 0.6928 0.7582   0.567
#
