# Superwater/superwater_010/2fvy_A.pdb
# Protein CA rmsd=  0.000
#  N |   RMSD    Ave    Med   f<0.5  f<1.0  f<1.5
 111 |  5.712  4.151  3.054  0.3153 0.4505 0.4685   0.439
 222 |  2.538  1.634  0.650  0.3874 0.6126 0.6937   0.596
 333 |  2.468  1.581  0.650  0.3874 0.6126 0.7027   0.619
 444 |  2.468  1.581  0.650  0.3874 0.6126 0.7027   0.619
 555 |  2.468  1.581  0.650  0.3874 0.6126 0.7027   0.619
 666 |  2.468  1.581  0.650  0.3874 0.6126 0.7027   0.619
 777 |  2.468  1.581  0.650  0.3874 0.6126 0.7027   0.619
 888 |  2.468  1.581  0.650  0.3874 0.6126 0.7027   0.619
 999 |  2.468  1.581  0.650  0.3874 0.6126 0.7027   0.619
1110 |  2.468  1.581  0.650  0.3874 0.6126 0.7027   0.619
1221 |  2.468  1.581  0.650  0.3874 0.6126 0.7027   0.619
1332 |  2.468  1.581  0.650  0.3874 0.6126 0.7027   0.619
1443 |  2.468  1.581  0.650  0.3874 0.6126 0.7027   0.619
1554 |  2.468  1.581  0.650  0.3874 0.6126 0.7027   0.619
1665 |  2.468  1.581  0.650  0.3874 0.6126 0.7027   0.619
1776 |  2.468  1.581  0.650  0.3874 0.6126 0.7027   0.619
1887 |  2.468  1.581  0.650  0.3874 0.6126 0.7027   0.619
1998 |  2.468  1.581  0.650  0.3874 0.6126 0.7027   0.619
2109 |  2.468  1.581  0.650  0.3874 0.6126 0.7027   0.619
2220 |  2.468  1.581  0.650  0.3874 0.6126 0.7027   0.619
2331 |  2.468  1.581  0.650  0.3874 0.6126 0.7027   0.619
2442 |  2.468  1.581  0.650  0.3874 0.6126 0.7027   0.619
2553 |  2.468  1.581  0.650  0.3874 0.6126 0.7027   0.619
2664 |  2.468  1.581  0.650  0.3874 0.6126 0.7027   0.619
2775 |  2.468  1.581  0.650  0.3874 0.6126 0.7027   0.619
2886 |  2.468  1.581  0.650  0.3874 0.6126 0.7027   0.619
2997 |  2.468  1.581  0.650  0.3874 0.6126 0.7027   0.619
3108 |  2.468  1.581  0.650  0.3874 0.6126 0.7027   0.619
3219 |  2.468  1.581  0.650  0.3874 0.6126 0.7027   0.619
3330 |  2.468  1.581  0.650  0.3874 0.6126 0.7027   0.619
3441 |  2.468  1.581  0.650  0.3874 0.6126 0.7027   0.619
3552 |  2.468  1.581  0.650  0.3874 0.6126 0.7027   0.619
3663 |  2.468  1.581  0.650  0.3874 0.6126 0.7027   0.619
3774 |  2.468  1.581  0.650  0.3874 0.6126 0.7027   0.619
3885 |  2.468  1.581  0.650  0.3874 0.6126 0.7027   0.619
3996 |  2.468  1.581  0.650  0.3874 0.6126 0.7027   0.619
4107 |  2.468  1.581  0.650  0.3874 0.6126 0.7027   0.619
4218 |  2.468  1.581  0.650  0.3874 0.6126 0.7027   0.619
4329 |  2.468  1.581  0.650  0.3874 0.6126 0.7027   0.619
4440 |  2.468  1.581  0.650  0.3874 0.6126 0.7027   0.619
4551 |  2.468  1.581  0.650  0.3874 0.6126 0.7027   0.619
4662 |  2.468  1.581  0.650  0.3874 0.6126 0.7027   0.619
4773 |  2.468  1.581  0.650  0.3874 0.6126 0.7027   0.619
4884 |  2.468  1.581  0.650  0.3874 0.6126 0.7027   0.619
4995 |  2.468  1.581  0.650  0.3874 0.6126 0.7027   0.619
5106 |  2.468  1.581  0.650  0.3874 0.6126 0.7027   0.619
5217 |  2.468  1.581  0.650  0.3874 0.6126 0.7027   0.619
5328 |  2.468  1.581  0.650  0.3874 0.6126 0.7027   0.619
5439 |  2.468  1.581  0.650  0.3874 0.6126 0.7027   0.619
 239 |  2.468  1.581  0.650  0.3874 0.6126 0.7027   0.619
#
