# Superwater/superwater_010/2fwh_A.pdb
# Protein CA rmsd=  0.000
#  N |   RMSD    Ave    Med   f<0.5  f<1.0  f<1.5
  47 |  5.859  4.416  4.316  0.2340 0.4043 0.4255   0.498
  94 |  2.939  1.953  0.797  0.3191 0.6170 0.6596   0.642
 141 |  2.939  1.953  0.797  0.3191 0.6170 0.6596   0.642
 188 |  2.939  1.953  0.797  0.3191 0.6170 0.6596   0.642
 235 |  2.939  1.953  0.797  0.3191 0.6170 0.6596   0.642
 282 |  2.939  1.953  0.797  0.3191 0.6170 0.6596   0.642
 329 |  2.939  1.953  0.797  0.3191 0.6170 0.6596   0.642
 376 |  2.939  1.953  0.797  0.3191 0.6170 0.6596   0.642
 423 |  2.939  1.953  0.797  0.3191 0.6170 0.6596   0.642
 470 |  2.939  1.953  0.797  0.3191 0.6170 0.6596   0.642
 517 |  2.939  1.953  0.797  0.3191 0.6170 0.6596   0.642
 564 |  2.939  1.953  0.797  0.3191 0.6170 0.6596   0.642
 611 |  2.939  1.953  0.797  0.3191 0.6170 0.6596   0.642
 658 |  2.939  1.953  0.797  0.3191 0.6170 0.6596   0.642
 705 |  2.939  1.953  0.797  0.3191 0.6170 0.6596   0.642
 752 |  2.939  1.953  0.797  0.3191 0.6170 0.6596   0.642
 799 |  2.939  1.953  0.797  0.3191 0.6170 0.6596   0.642
 846 |  2.939  1.953  0.797  0.3191 0.6170 0.6596   0.642
 893 |  2.939  1.953  0.797  0.3191 0.6170 0.6596   0.642
 940 |  2.939  1.953  0.797  0.3191 0.6170 0.6596   0.642
 987 |  2.939  1.953  0.797  0.3191 0.6170 0.6596   0.642
1034 |  2.939  1.953  0.797  0.3191 0.6170 0.6596   0.642
1081 |  2.939  1.953  0.797  0.3191 0.6170 0.6596   0.642
1128 |  2.939  1.953  0.797  0.3191 0.6170 0.6596   0.642
1175 |  2.939  1.953  0.797  0.3191 0.6170 0.6596   0.642
1222 |  2.939  1.953  0.797  0.3191 0.6170 0.6596   0.642
1269 |  2.939  1.953  0.797  0.3191 0.6170 0.6596   0.642
1316 |  2.939  1.953  0.797  0.3191 0.6170 0.6596   0.642
1363 |  2.939  1.953  0.797  0.3191 0.6170 0.6596   0.642
1410 |  2.939  1.953  0.797  0.3191 0.6170 0.6596   0.642
1457 |  2.939  1.953  0.797  0.3191 0.6170 0.6596   0.642
1504 |  2.939  1.953  0.797  0.3191 0.6170 0.6596   0.642
1551 |  2.939  1.953  0.797  0.3191 0.6170 0.6596   0.642
1598 |  2.939  1.953  0.797  0.3191 0.6170 0.6596   0.642
1645 |  2.939  1.953  0.797  0.3191 0.6170 0.6596   0.642
1692 |  2.939  1.953  0.797  0.3191 0.6170 0.6596   0.642
1739 |  2.939  1.953  0.797  0.3191 0.6170 0.6596   0.642
1786 |  2.939  1.953  0.797  0.3191 0.6170 0.6596   0.642
1833 |  2.939  1.953  0.797  0.3191 0.6170 0.6596   0.642
1880 |  2.939  1.953  0.797  0.3191 0.6170 0.6596   0.642
1927 |  2.939  1.953  0.797  0.3191 0.6170 0.6596   0.642
1974 |  2.939  1.953  0.797  0.3191 0.6170 0.6596   0.642
2021 |  2.939  1.953  0.797  0.3191 0.6170 0.6596   0.642
2068 |  2.939  1.953  0.797  0.3191 0.6170 0.6596   0.642
2115 |  2.939  1.953  0.797  0.3191 0.6170 0.6596   0.642
2162 |  2.939  1.953  0.797  0.3191 0.6170 0.6596   0.642
2209 |  2.939  1.953  0.797  0.3191 0.6170 0.6596   0.642
2256 |  2.939  1.953  0.797  0.3191 0.6170 0.6596   0.642
2303 |  2.939  1.953  0.797  0.3191 0.6170 0.6596   0.642
  92 |  2.939  1.953  0.797  0.3191 0.6170 0.6596   0.642
#
