# Superwater/superwater_010/2gud_A.pdb
# Protein CA rmsd=  0.000
#  N |   RMSD    Ave    Med   f<0.5  f<1.0  f<1.5
  43 |  6.620  5.288  6.004  0.2558 0.3256 0.3488   0.450
  86 |  4.720  3.345  1.141  0.3256 0.4651 0.5116   0.507
 129 |  4.720  3.345  1.141  0.3256 0.4651 0.5116   0.507
 172 |  4.720  3.345  1.141  0.3256 0.4651 0.5116   0.507
 215 |  4.720  3.345  1.141  0.3256 0.4651 0.5116   0.507
 258 |  4.720  3.345  1.141  0.3256 0.4651 0.5116   0.507
 301 |  4.720  3.345  1.141  0.3256 0.4651 0.5116   0.507
 344 |  4.720  3.345  1.141  0.3256 0.4651 0.5116   0.507
 387 |  4.720  3.345  1.141  0.3256 0.4651 0.5116   0.507
 430 |  4.720  3.345  1.141  0.3256 0.4651 0.5116   0.507
 473 |  4.720  3.345  1.141  0.3256 0.4651 0.5116   0.507
 516 |  4.720  3.345  1.141  0.3256 0.4651 0.5116   0.507
 559 |  4.720  3.345  1.141  0.3256 0.4651 0.5116   0.507
 602 |  4.720  3.345  1.141  0.3256 0.4651 0.5116   0.507
 645 |  4.720  3.345  1.141  0.3256 0.4651 0.5116   0.507
 688 |  4.720  3.345  1.141  0.3256 0.4651 0.5116   0.507
 731 |  4.720  3.345  1.141  0.3256 0.4651 0.5116   0.507
 774 |  4.720  3.345  1.141  0.3256 0.4651 0.5116   0.507
 817 |  4.720  3.345  1.141  0.3256 0.4651 0.5116   0.507
 860 |  4.720  3.345  1.141  0.3256 0.4651 0.5116   0.507
 903 |  4.720  3.345  1.141  0.3256 0.4651 0.5116   0.507
 946 |  4.720  3.345  1.141  0.3256 0.4651 0.5116   0.507
 989 |  4.720  3.345  1.141  0.3256 0.4651 0.5116   0.507
1032 |  4.720  3.345  1.141  0.3256 0.4651 0.5116   0.507
1075 |  4.720  3.345  1.141  0.3256 0.4651 0.5116   0.507
1118 |  4.720  3.345  1.141  0.3256 0.4651 0.5116   0.507
1161 |  4.720  3.345  1.141  0.3256 0.4651 0.5116   0.507
1204 |  4.720  3.345  1.141  0.3256 0.4651 0.5116   0.507
1247 |  4.720  3.345  1.141  0.3256 0.4651 0.5116   0.507
1290 |  4.720  3.345  1.141  0.3256 0.4651 0.5116   0.507
1333 |  4.720  3.345  1.141  0.3256 0.4651 0.5116   0.507
1376 |  4.720  3.345  1.141  0.3256 0.4651 0.5116   0.507
1419 |  4.720  3.345  1.141  0.3256 0.4651 0.5116   0.507
1462 |  4.720  3.345  1.141  0.3256 0.4651 0.5116   0.507
1505 |  4.720  3.345  1.141  0.3256 0.4651 0.5116   0.507
1548 |  4.720  3.345  1.141  0.3256 0.4651 0.5116   0.507
1591 |  4.720  3.345  1.141  0.3256 0.4651 0.5116   0.507
1634 |  4.720  3.345  1.141  0.3256 0.4651 0.5116   0.507
1677 |  4.720  3.345  1.141  0.3256 0.4651 0.5116   0.507
1720 |  4.720  3.345  1.141  0.3256 0.4651 0.5116   0.507
1763 |  4.720  3.345  1.141  0.3256 0.4651 0.5116   0.507
1806 |  4.720  3.345  1.141  0.3256 0.4651 0.5116   0.507
1849 |  4.720  3.345  1.141  0.3256 0.4651 0.5116   0.507
1892 |  4.720  3.345  1.141  0.3256 0.4651 0.5116   0.507
1935 |  4.720  3.345  1.141  0.3256 0.4651 0.5116   0.507
1978 |  4.720  3.345  1.141  0.3256 0.4651 0.5116   0.507
2021 |  4.720  3.345  1.141  0.3256 0.4651 0.5116   0.507
2064 |  4.720  3.345  1.141  0.3256 0.4651 0.5116   0.507
2107 |  4.720  3.345  1.141  0.3256 0.4651 0.5116   0.507
  75 |  4.720  3.345  1.141  0.3256 0.4651 0.5116   0.507
#
