# Superwater/superwater_010/2h5c_A.pdb
# Protein CA rmsd=  0.000
#  N |   RMSD    Ave    Med   f<0.5  f<1.0  f<1.5
  70 |  5.911  4.411  3.644  0.2429 0.3857 0.4286   0.494
 140 |  3.834  2.526  0.894  0.2857 0.5143 0.6000   0.598
 210 |  3.076  2.027  0.894  0.2857 0.5286 0.6429   0.632
 280 |  3.076  2.027  0.894  0.2857 0.5286 0.6429   0.632
 350 |  3.076  2.027  0.894  0.2857 0.5286 0.6429   0.632
 420 |  3.076  2.027  0.894  0.2857 0.5286 0.6429   0.632
 490 |  3.076  2.027  0.894  0.2857 0.5286 0.6429   0.632
 560 |  3.076  2.027  0.894  0.2857 0.5286 0.6429   0.632
 630 |  3.076  2.027  0.894  0.2857 0.5286 0.6429   0.632
 700 |  3.076  2.027  0.894  0.2857 0.5286 0.6429   0.632
 770 |  3.076  2.027  0.894  0.2857 0.5286 0.6429   0.632
 840 |  3.076  2.027  0.894  0.2857 0.5286 0.6429   0.632
 910 |  3.076  2.027  0.894  0.2857 0.5286 0.6429   0.632
 980 |  3.076  2.027  0.894  0.2857 0.5286 0.6429   0.632
1050 |  3.076  2.027  0.894  0.2857 0.5286 0.6429   0.632
1120 |  3.076  2.027  0.894  0.2857 0.5286 0.6429   0.632
1190 |  3.076  2.027  0.894  0.2857 0.5286 0.6429   0.632
1260 |  3.076  2.027  0.894  0.2857 0.5286 0.6429   0.632
1330 |  3.076  2.027  0.894  0.2857 0.5286 0.6429   0.632
1400 |  3.076  2.027  0.894  0.2857 0.5286 0.6429   0.632
1470 |  3.076  2.027  0.894  0.2857 0.5286 0.6429   0.632
1540 |  3.076  2.027  0.894  0.2857 0.5286 0.6429   0.632
1610 |  3.076  2.027  0.894  0.2857 0.5286 0.6429   0.632
1680 |  3.076  2.027  0.894  0.2857 0.5286 0.6429   0.632
1750 |  3.076  2.027  0.894  0.2857 0.5286 0.6429   0.632
1820 |  3.076  2.027  0.894  0.2857 0.5286 0.6429   0.632
1890 |  3.076  2.027  0.894  0.2857 0.5286 0.6429   0.632
1960 |  3.076  2.027  0.894  0.2857 0.5286 0.6429   0.632
2030 |  3.076  2.027  0.894  0.2857 0.5286 0.6429   0.632
2100 |  3.076  2.027  0.894  0.2857 0.5286 0.6429   0.632
2170 |  3.076  2.027  0.894  0.2857 0.5286 0.6429   0.632
2240 |  3.076  2.027  0.894  0.2857 0.5286 0.6429   0.632
2310 |  3.076  2.027  0.894  0.2857 0.5286 0.6429   0.632
2380 |  3.076  2.027  0.894  0.2857 0.5286 0.6429   0.632
2450 |  3.076  2.027  0.894  0.2857 0.5286 0.6429   0.632
2520 |  3.076  2.027  0.894  0.2857 0.5286 0.6429   0.632
2590 |  3.076  2.027  0.894  0.2857 0.5286 0.6429   0.632
2660 |  3.076  2.027  0.894  0.2857 0.5286 0.6429   0.632
2730 |  3.076  2.027  0.894  0.2857 0.5286 0.6429   0.632
2800 |  3.076  2.027  0.894  0.2857 0.5286 0.6429   0.632
2870 |  3.076  2.027  0.894  0.2857 0.5286 0.6429   0.632
2940 |  3.076  2.027  0.894  0.2857 0.5286 0.6429   0.632
3010 |  3.076  2.027  0.894  0.2857 0.5286 0.6429   0.632
3080 |  3.076  2.027  0.894  0.2857 0.5286 0.6429   0.632
3150 |  3.076  2.027  0.894  0.2857 0.5286 0.6429   0.632
3220 |  3.076  2.027  0.894  0.2857 0.5286 0.6429   0.632
3290 |  3.076  2.027  0.894  0.2857 0.5286 0.6429   0.632
3360 |  3.076  2.027  0.894  0.2857 0.5286 0.6429   0.632
3430 |  3.076  2.027  0.894  0.2857 0.5286 0.6429   0.632
 166 |  3.076  2.027  0.894  0.2857 0.5286 0.6429   0.632
#
