# Superwater/superwater_010/2jfr_A.pdb
# Protein CA rmsd=  0.000
#  N |   RMSD    Ave    Med   f<0.5  f<1.0  f<1.5
  80 |  6.016  4.477  3.196  0.3000 0.3625 0.4125   0.538
 160 |  2.973  1.843  0.686  0.4000 0.5625 0.6750   0.597
 240 |  2.287  1.441  0.662  0.4000 0.6125 0.7250   0.604
 320 |  2.287  1.441  0.662  0.4000 0.6125 0.7250   0.604
 400 |  2.287  1.441  0.662  0.4000 0.6125 0.7250   0.604
 480 |  2.287  1.441  0.662  0.4000 0.6125 0.7250   0.604
 560 |  2.287  1.441  0.662  0.4000 0.6125 0.7250   0.604
 640 |  2.287  1.441  0.662  0.4000 0.6125 0.7250   0.604
 720 |  2.287  1.441  0.662  0.4000 0.6125 0.7250   0.604
 800 |  2.287  1.441  0.662  0.4000 0.6125 0.7250   0.604
 880 |  2.287  1.441  0.662  0.4000 0.6125 0.7250   0.604
 960 |  2.287  1.441  0.662  0.4000 0.6125 0.7250   0.604
1040 |  2.287  1.441  0.662  0.4000 0.6125 0.7250   0.604
1120 |  2.287  1.441  0.662  0.4000 0.6125 0.7250   0.604
1200 |  2.287  1.441  0.662  0.4000 0.6125 0.7250   0.604
1280 |  2.287  1.441  0.662  0.4000 0.6125 0.7250   0.604
1360 |  2.287  1.441  0.662  0.4000 0.6125 0.7250   0.604
1440 |  2.287  1.441  0.662  0.4000 0.6125 0.7250   0.604
1520 |  2.287  1.441  0.662  0.4000 0.6125 0.7250   0.604
1600 |  2.287  1.441  0.662  0.4000 0.6125 0.7250   0.604
1680 |  2.287  1.441  0.662  0.4000 0.6125 0.7250   0.604
1760 |  2.287  1.441  0.662  0.4000 0.6125 0.7250   0.604
1840 |  2.287  1.441  0.662  0.4000 0.6125 0.7250   0.604
1920 |  2.287  1.441  0.662  0.4000 0.6125 0.7250   0.604
2000 |  2.287  1.441  0.662  0.4000 0.6125 0.7250   0.604
2080 |  2.287  1.441  0.662  0.4000 0.6125 0.7250   0.604
2160 |  2.287  1.441  0.662  0.4000 0.6125 0.7250   0.604
2240 |  2.287  1.441  0.662  0.4000 0.6125 0.7250   0.604
2320 |  2.287  1.441  0.662  0.4000 0.6125 0.7250   0.604
2400 |  2.287  1.441  0.662  0.4000 0.6125 0.7250   0.604
2480 |  2.287  1.441  0.662  0.4000 0.6125 0.7250   0.604
2560 |  2.287  1.441  0.662  0.4000 0.6125 0.7250   0.604
2640 |  2.287  1.441  0.662  0.4000 0.6125 0.7250   0.604
2720 |  2.287  1.441  0.662  0.4000 0.6125 0.7250   0.604
2800 |  2.287  1.441  0.662  0.4000 0.6125 0.7250   0.604
2880 |  2.287  1.441  0.662  0.4000 0.6125 0.7250   0.604
2960 |  2.287  1.441  0.662  0.4000 0.6125 0.7250   0.604
3040 |  2.287  1.441  0.662  0.4000 0.6125 0.7250   0.604
3120 |  2.287  1.441  0.662  0.4000 0.6125 0.7250   0.604
3200 |  2.287  1.441  0.662  0.4000 0.6125 0.7250   0.604
3280 |  2.287  1.441  0.662  0.4000 0.6125 0.7250   0.604
3360 |  2.287  1.441  0.662  0.4000 0.6125 0.7250   0.604
3440 |  2.287  1.441  0.662  0.4000 0.6125 0.7250   0.604
3520 |  2.287  1.441  0.662  0.4000 0.6125 0.7250   0.604
3600 |  2.287  1.441  0.662  0.4000 0.6125 0.7250   0.604
3680 |  2.287  1.441  0.662  0.4000 0.6125 0.7250   0.604
3760 |  2.287  1.441  0.662  0.4000 0.6125 0.7250   0.604
3840 |  2.287  1.441  0.662  0.4000 0.6125 0.7250   0.604
3920 |  2.287  1.441  0.662  0.4000 0.6125 0.7250   0.604
 186 |  2.287  1.441  0.662  0.4000 0.6125 0.7250   0.604
#
