# Superwater/superwater_010/2jhf_A.pdb
# Protein CA rmsd=  0.000
#  N |   RMSD    Ave    Med   f<0.5  f<1.0  f<1.5
 121 |  5.716  4.226  3.313  0.2810 0.3719 0.4298   0.559
 242 |  2.810  1.862  0.790  0.3223 0.5289 0.6529   0.653
 363 |  2.810  1.862  0.790  0.3223 0.5289 0.6529   0.653
 484 |  2.810  1.862  0.790  0.3223 0.5289 0.6529   0.653
 605 |  2.810  1.862  0.790  0.3223 0.5289 0.6529   0.653
 726 |  2.810  1.862  0.790  0.3223 0.5289 0.6529   0.653
 847 |  2.810  1.862  0.790  0.3223 0.5289 0.6529   0.653
 968 |  2.810  1.862  0.790  0.3223 0.5289 0.6529   0.653
1089 |  2.810  1.862  0.790  0.3223 0.5289 0.6529   0.653
1210 |  2.810  1.862  0.790  0.3223 0.5289 0.6529   0.653
1331 |  2.810  1.862  0.790  0.3223 0.5289 0.6529   0.653
1452 |  2.810  1.862  0.790  0.3223 0.5289 0.6529   0.653
1573 |  2.810  1.862  0.790  0.3223 0.5289 0.6529   0.653
1694 |  2.810  1.862  0.790  0.3223 0.5289 0.6529   0.653
1815 |  2.810  1.862  0.790  0.3223 0.5289 0.6529   0.653
1936 |  2.810  1.862  0.790  0.3223 0.5289 0.6529   0.653
2057 |  2.810  1.862  0.790  0.3223 0.5289 0.6529   0.653
2178 |  2.810  1.862  0.790  0.3223 0.5289 0.6529   0.653
2299 |  2.810  1.862  0.790  0.3223 0.5289 0.6529   0.653
2420 |  2.810  1.862  0.790  0.3223 0.5289 0.6529   0.653
2541 |  2.810  1.862  0.790  0.3223 0.5289 0.6529   0.653
2662 |  2.810  1.862  0.790  0.3223 0.5289 0.6529   0.653
2783 |  2.810  1.862  0.790  0.3223 0.5289 0.6529   0.653
2904 |  2.810  1.862  0.790  0.3223 0.5289 0.6529   0.653
3025 |  2.810  1.862  0.790  0.3223 0.5289 0.6529   0.653
3146 |  2.810  1.862  0.790  0.3223 0.5289 0.6529   0.653
3267 |  2.810  1.862  0.790  0.3223 0.5289 0.6529   0.653
3388 |  2.810  1.862  0.790  0.3223 0.5289 0.6529   0.653
3509 |  2.810  1.862  0.790  0.3223 0.5289 0.6529   0.653
3630 |  2.810  1.862  0.790  0.3223 0.5289 0.6529   0.653
3751 |  2.810  1.862  0.790  0.3223 0.5289 0.6529   0.653
3872 |  2.810  1.862  0.790  0.3223 0.5289 0.6529   0.653
3993 |  2.810  1.862  0.790  0.3223 0.5289 0.6529   0.653
4114 |  2.810  1.862  0.790  0.3223 0.5289 0.6529   0.653
4235 |  2.810  1.862  0.790  0.3223 0.5289 0.6529   0.653
4356 |  2.810  1.862  0.790  0.3223 0.5289 0.6529   0.653
4477 |  2.810  1.862  0.790  0.3223 0.5289 0.6529   0.653
4598 |  2.810  1.862  0.790  0.3223 0.5289 0.6529   0.653
4719 |  2.810  1.862  0.790  0.3223 0.5289 0.6529   0.653
4840 |  2.810  1.862  0.790  0.3223 0.5289 0.6529   0.653
4961 |  2.810  1.862  0.790  0.3223 0.5289 0.6529   0.653
5082 |  2.810  1.862  0.790  0.3223 0.5289 0.6529   0.653
5203 |  2.810  1.862  0.790  0.3223 0.5289 0.6529   0.653
5324 |  2.810  1.862  0.790  0.3223 0.5289 0.6529   0.653
5445 |  2.810  1.862  0.790  0.3223 0.5289 0.6529   0.653
5566 |  2.810  1.862  0.790  0.3223 0.5289 0.6529   0.653
5687 |  2.810  1.862  0.790  0.3223 0.5289 0.6529   0.653
5808 |  2.810  1.862  0.790  0.3223 0.5289 0.6529   0.653
5929 |  2.810  1.862  0.790  0.3223 0.5289 0.6529   0.653
 245 |  2.810  1.862  0.790  0.3223 0.5289 0.6529   0.653
#
