# Superwater/superwater_010/2pnd_A.pdb
# Protein CA rmsd=  0.000
#  N |   RMSD    Ave    Med   f<0.5  f<1.0  f<1.5
  59 |  5.520  3.894  1.113  0.2373 0.4576 0.5085   0.619
 118 |  4.074  2.711  1.034  0.2542 0.4915 0.5932   0.660
 177 |  4.074  2.711  1.034  0.2542 0.4915 0.5932   0.660
 236 |  4.074  2.711  1.034  0.2542 0.4915 0.5932   0.660
 295 |  4.074  2.711  1.034  0.2542 0.4915 0.5932   0.660
 354 |  4.074  2.711  1.034  0.2542 0.4915 0.5932   0.660
 413 |  4.074  2.711  1.034  0.2542 0.4915 0.5932   0.660
 472 |  4.074  2.711  1.034  0.2542 0.4915 0.5932   0.660
 531 |  4.074  2.711  1.034  0.2542 0.4915 0.5932   0.660
 590 |  4.074  2.711  1.034  0.2542 0.4915 0.5932   0.660
 649 |  4.074  2.711  1.034  0.2542 0.4915 0.5932   0.660
 708 |  4.074  2.711  1.034  0.2542 0.4915 0.5932   0.660
 767 |  4.074  2.711  1.034  0.2542 0.4915 0.5932   0.660
 826 |  4.074  2.711  1.034  0.2542 0.4915 0.5932   0.660
 885 |  4.074  2.711  1.034  0.2542 0.4915 0.5932   0.660
 944 |  4.074  2.711  1.034  0.2542 0.4915 0.5932   0.660
1003 |  4.074  2.711  1.034  0.2542 0.4915 0.5932   0.660
1062 |  4.074  2.711  1.034  0.2542 0.4915 0.5932   0.660
1121 |  4.074  2.711  1.034  0.2542 0.4915 0.5932   0.660
1180 |  4.074  2.711  1.034  0.2542 0.4915 0.5932   0.660
1239 |  4.074  2.711  1.034  0.2542 0.4915 0.5932   0.660
1298 |  4.074  2.711  1.034  0.2542 0.4915 0.5932   0.660
1357 |  4.074  2.711  1.034  0.2542 0.4915 0.5932   0.660
1416 |  4.074  2.711  1.034  0.2542 0.4915 0.5932   0.660
1475 |  4.074  2.711  1.034  0.2542 0.4915 0.5932   0.660
1534 |  4.074  2.711  1.034  0.2542 0.4915 0.5932   0.660
1593 |  4.074  2.711  1.034  0.2542 0.4915 0.5932   0.660
1652 |  4.074  2.711  1.034  0.2542 0.4915 0.5932   0.660
1711 |  4.074  2.711  1.034  0.2542 0.4915 0.5932   0.660
1770 |  4.074  2.711  1.034  0.2542 0.4915 0.5932   0.660
1829 |  4.074  2.711  1.034  0.2542 0.4915 0.5932   0.660
1888 |  4.074  2.711  1.034  0.2542 0.4915 0.5932   0.660
1947 |  4.074  2.711  1.034  0.2542 0.4915 0.5932   0.660
2006 |  4.074  2.711  1.034  0.2542 0.4915 0.5932   0.660
2065 |  4.074  2.711  1.034  0.2542 0.4915 0.5932   0.660
2124 |  4.074  2.711  1.034  0.2542 0.4915 0.5932   0.660
2183 |  4.074  2.711  1.034  0.2542 0.4915 0.5932   0.660
2242 |  4.074  2.711  1.034  0.2542 0.4915 0.5932   0.660
2301 |  4.074  2.711  1.034  0.2542 0.4915 0.5932   0.660
2360 |  4.074  2.711  1.034  0.2542 0.4915 0.5932   0.660
2419 |  4.074  2.711  1.034  0.2542 0.4915 0.5932   0.660
2478 |  4.074  2.711  1.034  0.2542 0.4915 0.5932   0.660
2537 |  4.074  2.711  1.034  0.2542 0.4915 0.5932   0.660
2596 |  4.074  2.711  1.034  0.2542 0.4915 0.5932   0.660
2655 |  4.074  2.711  1.034  0.2542 0.4915 0.5932   0.660
2714 |  4.074  2.711  1.034  0.2542 0.4915 0.5932   0.660
2773 |  4.074  2.711  1.034  0.2542 0.4915 0.5932   0.660
2832 |  4.074  2.711  1.034  0.2542 0.4915 0.5932   0.660
2891 |  4.074  2.711  1.034  0.2542 0.4915 0.5932   0.660
  87 |  4.074  2.711  1.034  0.2542 0.4915 0.5932   0.660
#
