# Superwater/superwater_010/2pvb_A.pdb
# Protein CA rmsd=  0.000
#  N |   RMSD    Ave    Med   f<0.5  f<1.0  f<1.5
  38 |  6.636  5.441  6.415  0.1842 0.2895 0.2895   0.515
  76 |  3.844  2.619  0.953  0.2368 0.5263 0.5526   0.700
 114 |  3.534  2.454  0.953  0.2368 0.5263 0.5526   0.700
 152 |  3.534  2.454  0.953  0.2368 0.5263 0.5526   0.700
 190 |  3.534  2.454  0.953  0.2368 0.5263 0.5526   0.700
 228 |  3.534  2.454  0.953  0.2368 0.5263 0.5526   0.700
 266 |  3.534  2.454  0.953  0.2368 0.5263 0.5526   0.700
 304 |  3.534  2.454  0.953  0.2368 0.5263 0.5526   0.700
 342 |  3.534  2.454  0.953  0.2368 0.5263 0.5526   0.700
 380 |  3.534  2.454  0.953  0.2368 0.5263 0.5526   0.700
 418 |  3.534  2.454  0.953  0.2368 0.5263 0.5526   0.700
 456 |  3.534  2.454  0.953  0.2368 0.5263 0.5526   0.700
 494 |  3.534  2.454  0.953  0.2368 0.5263 0.5526   0.700
 532 |  3.534  2.454  0.953  0.2368 0.5263 0.5526   0.700
 570 |  3.534  2.454  0.953  0.2368 0.5263 0.5526   0.700
 608 |  3.534  2.454  0.953  0.2368 0.5263 0.5526   0.700
 646 |  3.534  2.454  0.953  0.2368 0.5263 0.5526   0.700
 684 |  3.534  2.454  0.953  0.2368 0.5263 0.5526   0.700
 722 |  3.534  2.454  0.953  0.2368 0.5263 0.5526   0.700
 760 |  3.534  2.454  0.953  0.2368 0.5263 0.5526   0.700
 798 |  3.534  2.454  0.953  0.2368 0.5263 0.5526   0.700
 836 |  3.534  2.454  0.953  0.2368 0.5263 0.5526   0.700
 874 |  3.534  2.454  0.953  0.2368 0.5263 0.5526   0.700
 912 |  3.534  2.454  0.953  0.2368 0.5263 0.5526   0.700
 950 |  3.534  2.454  0.953  0.2368 0.5263 0.5526   0.700
 988 |  3.534  2.454  0.953  0.2368 0.5263 0.5526   0.700
1026 |  3.534  2.454  0.953  0.2368 0.5263 0.5526   0.700
1064 |  3.534  2.454  0.953  0.2368 0.5263 0.5526   0.700
1102 |  3.534  2.454  0.953  0.2368 0.5263 0.5526   0.700
1140 |  3.534  2.454  0.953  0.2368 0.5263 0.5526   0.700
1178 |  3.534  2.454  0.953  0.2368 0.5263 0.5526   0.700
1216 |  3.534  2.454  0.953  0.2368 0.5263 0.5526   0.700
1254 |  3.534  2.454  0.953  0.2368 0.5263 0.5526   0.700
1292 |  3.534  2.454  0.953  0.2368 0.5263 0.5526   0.700
1330 |  3.534  2.454  0.953  0.2368 0.5263 0.5526   0.700
1368 |  3.534  2.454  0.953  0.2368 0.5263 0.5526   0.700
1406 |  3.534  2.454  0.953  0.2368 0.5263 0.5526   0.700
1444 |  3.534  2.454  0.953  0.2368 0.5263 0.5526   0.700
1482 |  3.534  2.454  0.953  0.2368 0.5263 0.5526   0.700
1520 |  3.534  2.454  0.953  0.2368 0.5263 0.5526   0.700
1558 |  3.534  2.454  0.953  0.2368 0.5263 0.5526   0.700
1596 |  3.534  2.454  0.953  0.2368 0.5263 0.5526   0.700
1634 |  3.534  2.454  0.953  0.2368 0.5263 0.5526   0.700
1672 |  3.534  2.454  0.953  0.2368 0.5263 0.5526   0.700
1710 |  3.534  2.454  0.953  0.2368 0.5263 0.5526   0.700
1748 |  3.534  2.454  0.953  0.2368 0.5263 0.5526   0.700
1786 |  3.534  2.454  0.953  0.2368 0.5263 0.5526   0.700
1824 |  3.534  2.454  0.953  0.2368 0.5263 0.5526   0.700
1862 |  3.534  2.454  0.953  0.2368 0.5263 0.5526   0.700
  87 |  3.534  2.454  0.953  0.2368 0.5263 0.5526   0.700
#
