# Superwater/superwater_010/2rbk_A.pdb
# Protein CA rmsd=  0.000
#  N |   RMSD    Ave    Med   f<0.5  f<1.0  f<1.5
 102 |  5.427  3.762  1.003  0.4020 0.5000 0.5098   0.410
 204 |  2.947  1.749  0.583  0.4510 0.6275 0.7255   0.545
 306 |  2.836  1.663  0.583  0.4510 0.6373 0.7353   0.549
 408 |  2.836  1.663  0.583  0.4510 0.6373 0.7353   0.549
 510 |  2.836  1.663  0.583  0.4510 0.6373 0.7353   0.549
 612 |  2.836  1.663  0.583  0.4510 0.6373 0.7353   0.549
 714 |  2.836  1.663  0.583  0.4510 0.6373 0.7353   0.549
 816 |  2.836  1.663  0.583  0.4510 0.6373 0.7353   0.549
 918 |  2.836  1.663  0.583  0.4510 0.6373 0.7353   0.549
1020 |  2.836  1.663  0.583  0.4510 0.6373 0.7353   0.549
1122 |  2.836  1.663  0.583  0.4510 0.6373 0.7353   0.549
1224 |  2.836  1.663  0.583  0.4510 0.6373 0.7353   0.549
1326 |  2.836  1.663  0.583  0.4510 0.6373 0.7353   0.549
1428 |  2.836  1.663  0.583  0.4510 0.6373 0.7353   0.549
1530 |  2.836  1.663  0.583  0.4510 0.6373 0.7353   0.549
1632 |  2.836  1.663  0.583  0.4510 0.6373 0.7353   0.549
1734 |  2.836  1.663  0.583  0.4510 0.6373 0.7353   0.549
1836 |  2.836  1.663  0.583  0.4510 0.6373 0.7353   0.549
1938 |  2.836  1.663  0.583  0.4510 0.6373 0.7353   0.549
2040 |  2.836  1.663  0.583  0.4510 0.6373 0.7353   0.549
2142 |  2.836  1.663  0.583  0.4510 0.6373 0.7353   0.549
2244 |  2.836  1.663  0.583  0.4510 0.6373 0.7353   0.549
2346 |  2.836  1.663  0.583  0.4510 0.6373 0.7353   0.549
2448 |  2.836  1.663  0.583  0.4510 0.6373 0.7353   0.549
2550 |  2.836  1.663  0.583  0.4510 0.6373 0.7353   0.549
2652 |  2.836  1.663  0.583  0.4510 0.6373 0.7353   0.549
2754 |  2.836  1.663  0.583  0.4510 0.6373 0.7353   0.549
2856 |  2.836  1.663  0.583  0.4510 0.6373 0.7353   0.549
2958 |  2.836  1.663  0.583  0.4510 0.6373 0.7353   0.549
3060 |  2.836  1.663  0.583  0.4510 0.6373 0.7353   0.549
3162 |  2.836  1.663  0.583  0.4510 0.6373 0.7353   0.549
3264 |  2.836  1.663  0.583  0.4510 0.6373 0.7353   0.549
3366 |  2.836  1.663  0.583  0.4510 0.6373 0.7353   0.549
3468 |  2.836  1.663  0.583  0.4510 0.6373 0.7353   0.549
3570 |  2.836  1.663  0.583  0.4510 0.6373 0.7353   0.549
3672 |  2.836  1.663  0.583  0.4510 0.6373 0.7353   0.549
3774 |  2.836  1.663  0.583  0.4510 0.6373 0.7353   0.549
3876 |  2.836  1.663  0.583  0.4510 0.6373 0.7353   0.549
3978 |  2.836  1.663  0.583  0.4510 0.6373 0.7353   0.549
4080 |  2.836  1.663  0.583  0.4510 0.6373 0.7353   0.549
4182 |  2.836  1.663  0.583  0.4510 0.6373 0.7353   0.549
4284 |  2.836  1.663  0.583  0.4510 0.6373 0.7353   0.549
4386 |  2.836  1.663  0.583  0.4510 0.6373 0.7353   0.549
4488 |  2.836  1.663  0.583  0.4510 0.6373 0.7353   0.549
4590 |  2.836  1.663  0.583  0.4510 0.6373 0.7353   0.549
4692 |  2.836  1.663  0.583  0.4510 0.6373 0.7353   0.549
4794 |  2.836  1.663  0.583  0.4510 0.6373 0.7353   0.549
4896 |  2.836  1.663  0.583  0.4510 0.6373 0.7353   0.549
4998 |  2.836  1.663  0.583  0.4510 0.6373 0.7353   0.549
 216 |  2.836  1.663  0.583  0.4510 0.6373 0.7353   0.549
#
