# Superwater/superwater_010/2v1m_A.pdb
# Protein CA rmsd=  0.000
#  N |   RMSD    Ave    Med   f<0.5  f<1.0  f<1.5
  73 |  5.600  3.927  1.925  0.3288 0.4521 0.4932   0.571
 146 |  3.611  2.232  0.638  0.3562 0.5890 0.6712   0.640
 219 |  3.611  2.232  0.638  0.3562 0.5890 0.6712   0.640
 292 |  3.611  2.232  0.638  0.3562 0.5890 0.6712   0.640
 365 |  3.611  2.232  0.638  0.3562 0.5890 0.6712   0.640
 438 |  3.611  2.232  0.638  0.3562 0.5890 0.6712   0.640
 511 |  3.611  2.232  0.638  0.3562 0.5890 0.6712   0.640
 584 |  3.611  2.232  0.638  0.3562 0.5890 0.6712   0.640
 657 |  3.611  2.232  0.638  0.3562 0.5890 0.6712   0.640
 730 |  3.611  2.232  0.638  0.3562 0.5890 0.6712   0.640
 803 |  3.611  2.232  0.638  0.3562 0.5890 0.6712   0.640
 876 |  3.611  2.232  0.638  0.3562 0.5890 0.6712   0.640
 949 |  3.611  2.232  0.638  0.3562 0.5890 0.6712   0.640
1022 |  3.611  2.232  0.638  0.3562 0.5890 0.6712   0.640
1095 |  3.611  2.232  0.638  0.3562 0.5890 0.6712   0.640
1168 |  3.611  2.232  0.638  0.3562 0.5890 0.6712   0.640
1241 |  3.611  2.232  0.638  0.3562 0.5890 0.6712   0.640
1314 |  3.611  2.232  0.638  0.3562 0.5890 0.6712   0.640
1387 |  3.611  2.232  0.638  0.3562 0.5890 0.6712   0.640
1460 |  3.611  2.232  0.638  0.3562 0.5890 0.6712   0.640
1533 |  3.611  2.232  0.638  0.3562 0.5890 0.6712   0.640
1606 |  3.611  2.232  0.638  0.3562 0.5890 0.6712   0.640
1679 |  3.611  2.232  0.638  0.3562 0.5890 0.6712   0.640
1752 |  3.611  2.232  0.638  0.3562 0.5890 0.6712   0.640
1825 |  3.611  2.232  0.638  0.3562 0.5890 0.6712   0.640
1898 |  3.611  2.232  0.638  0.3562 0.5890 0.6712   0.640
1971 |  3.611  2.232  0.638  0.3562 0.5890 0.6712   0.640
2044 |  3.611  2.232  0.638  0.3562 0.5890 0.6712   0.640
2117 |  3.611  2.232  0.638  0.3562 0.5890 0.6712   0.640
2190 |  3.611  2.232  0.638  0.3562 0.5890 0.6712   0.640
2263 |  3.611  2.232  0.638  0.3562 0.5890 0.6712   0.640
2336 |  3.611  2.232  0.638  0.3562 0.5890 0.6712   0.640
2409 |  3.611  2.232  0.638  0.3562 0.5890 0.6712   0.640
2482 |  3.611  2.232  0.638  0.3562 0.5890 0.6712   0.640
2555 |  3.611  2.232  0.638  0.3562 0.5890 0.6712   0.640
2628 |  3.611  2.232  0.638  0.3562 0.5890 0.6712   0.640
2701 |  3.611  2.232  0.638  0.3562 0.5890 0.6712   0.640
2774 |  3.611  2.232  0.638  0.3562 0.5890 0.6712   0.640
2847 |  3.611  2.232  0.638  0.3562 0.5890 0.6712   0.640
2920 |  3.611  2.232  0.638  0.3562 0.5890 0.6712   0.640
2993 |  3.611  2.232  0.638  0.3562 0.5890 0.6712   0.640
3066 |  3.611  2.232  0.638  0.3562 0.5890 0.6712   0.640
3139 |  3.611  2.232  0.638  0.3562 0.5890 0.6712   0.640
3212 |  3.611  2.232  0.638  0.3562 0.5890 0.6712   0.640
3285 |  3.611  2.232  0.638  0.3562 0.5890 0.6712   0.640
3358 |  3.611  2.232  0.638  0.3562 0.5890 0.6712   0.640
3431 |  3.611  2.232  0.638  0.3562 0.5890 0.6712   0.640
3504 |  3.611  2.232  0.638  0.3562 0.5890 0.6712   0.640
3577 |  3.611  2.232  0.638  0.3562 0.5890 0.6712   0.640
 122 |  3.611  2.232  0.638  0.3562 0.5890 0.6712   0.640
#
