# Superwater/superwater_010/2vb1_A.pdb
# Protein CA rmsd=  0.000
#  N |   RMSD    Ave    Med   f<0.5  f<1.0  f<1.5
  56 |  5.506  3.887  2.661  0.3214 0.4464 0.4643   0.446
 112 |  3.757  2.347  0.681  0.3571 0.5536 0.6250   0.594
 168 |  3.757  2.347  0.681  0.3571 0.5536 0.6250   0.594
 224 |  3.757  2.347  0.681  0.3571 0.5536 0.6250   0.594
 280 |  3.757  2.347  0.681  0.3571 0.5536 0.6250   0.594
 336 |  3.757  2.347  0.681  0.3571 0.5536 0.6250   0.594
 392 |  3.757  2.347  0.681  0.3571 0.5536 0.6250   0.594
 448 |  3.757  2.347  0.681  0.3571 0.5536 0.6250   0.594
 504 |  3.757  2.347  0.681  0.3571 0.5536 0.6250   0.594
 560 |  3.757  2.347  0.681  0.3571 0.5536 0.6250   0.594
 616 |  3.757  2.347  0.681  0.3571 0.5536 0.6250   0.594
 672 |  3.757  2.347  0.681  0.3571 0.5536 0.6250   0.594
 728 |  3.757  2.347  0.681  0.3571 0.5536 0.6250   0.594
 784 |  3.757  2.347  0.681  0.3571 0.5536 0.6250   0.594
 840 |  3.757  2.347  0.681  0.3571 0.5536 0.6250   0.594
 896 |  3.757  2.347  0.681  0.3571 0.5536 0.6250   0.594
 952 |  3.757  2.347  0.681  0.3571 0.5536 0.6250   0.594
1008 |  3.757  2.347  0.681  0.3571 0.5536 0.6250   0.594
1064 |  3.757  2.347  0.681  0.3571 0.5536 0.6250   0.594
1120 |  3.757  2.347  0.681  0.3571 0.5536 0.6250   0.594
1176 |  3.757  2.347  0.681  0.3571 0.5536 0.6250   0.594
1232 |  3.757  2.347  0.681  0.3571 0.5536 0.6250   0.594
1288 |  3.757  2.347  0.681  0.3571 0.5536 0.6250   0.594
1344 |  3.757  2.347  0.681  0.3571 0.5536 0.6250   0.594
1400 |  3.757  2.347  0.681  0.3571 0.5536 0.6250   0.594
1456 |  3.757  2.347  0.681  0.3571 0.5536 0.6250   0.594
1512 |  3.757  2.347  0.681  0.3571 0.5536 0.6250   0.594
1568 |  3.757  2.347  0.681  0.3571 0.5536 0.6250   0.594
1624 |  3.757  2.347  0.681  0.3571 0.5536 0.6250   0.594
1680 |  3.757  2.347  0.681  0.3571 0.5536 0.6250   0.594
1736 |  3.757  2.347  0.681  0.3571 0.5536 0.6250   0.594
1792 |  3.757  2.347  0.681  0.3571 0.5536 0.6250   0.594
1848 |  3.757  2.347  0.681  0.3571 0.5536 0.6250   0.594
1904 |  3.757  2.347  0.681  0.3571 0.5536 0.6250   0.594
1960 |  3.757  2.347  0.681  0.3571 0.5536 0.6250   0.594
2016 |  3.757  2.347  0.681  0.3571 0.5536 0.6250   0.594
2072 |  3.757  2.347  0.681  0.3571 0.5536 0.6250   0.594
2128 |  3.757  2.347  0.681  0.3571 0.5536 0.6250   0.594
2184 |  3.757  2.347  0.681  0.3571 0.5536 0.6250   0.594
2240 |  3.757  2.347  0.681  0.3571 0.5536 0.6250   0.594
2296 |  3.757  2.347  0.681  0.3571 0.5536 0.6250   0.594
2352 |  3.757  2.347  0.681  0.3571 0.5536 0.6250   0.594
2408 |  3.757  2.347  0.681  0.3571 0.5536 0.6250   0.594
2464 |  3.757  2.347  0.681  0.3571 0.5536 0.6250   0.594
2520 |  3.757  2.347  0.681  0.3571 0.5536 0.6250   0.594
2576 |  3.757  2.347  0.681  0.3571 0.5536 0.6250   0.594
2632 |  3.757  2.347  0.681  0.3571 0.5536 0.6250   0.594
2688 |  3.757  2.347  0.681  0.3571 0.5536 0.6250   0.594
2744 |  3.757  2.347  0.681  0.3571 0.5536 0.6250   0.594
  92 |  3.757  2.347  0.681  0.3571 0.5536 0.6250   0.594
#
