# Superwater/superwater_010/2vha_A.pdb
# Protein CA rmsd=  0.000
#  N |   RMSD    Ave    Med   f<0.5  f<1.0  f<1.5
  88 |  5.955  4.396  4.133  0.2955 0.4432 0.4545   0.454
 176 |  3.126  1.877  0.615  0.3750 0.7045 0.7386   0.551
 264 |  2.528  1.504  0.613  0.3750 0.7386 0.7955   0.577
 352 |  2.528  1.504  0.613  0.3750 0.7386 0.7955   0.577
 440 |  2.528  1.504  0.613  0.3750 0.7386 0.7955   0.577
 528 |  2.528  1.504  0.613  0.3750 0.7386 0.7955   0.577
 616 |  2.528  1.504  0.613  0.3750 0.7386 0.7955   0.577
 704 |  2.528  1.504  0.613  0.3750 0.7386 0.7955   0.577
 792 |  2.528  1.504  0.613  0.3750 0.7386 0.7955   0.577
 880 |  2.528  1.504  0.613  0.3750 0.7386 0.7955   0.577
 968 |  2.528  1.504  0.613  0.3750 0.7386 0.7955   0.577
1056 |  2.528  1.504  0.613  0.3750 0.7386 0.7955   0.577
1144 |  2.528  1.504  0.613  0.3750 0.7386 0.7955   0.577
1232 |  2.528  1.504  0.613  0.3750 0.7386 0.7955   0.577
1320 |  2.528  1.504  0.613  0.3750 0.7386 0.7955   0.577
1408 |  2.528  1.504  0.613  0.3750 0.7386 0.7955   0.577
1496 |  2.528  1.504  0.613  0.3750 0.7386 0.7955   0.577
1584 |  2.528  1.504  0.613  0.3750 0.7386 0.7955   0.577
1672 |  2.528  1.504  0.613  0.3750 0.7386 0.7955   0.577
1760 |  2.528  1.504  0.613  0.3750 0.7386 0.7955   0.577
1848 |  2.528  1.504  0.613  0.3750 0.7386 0.7955   0.577
1936 |  2.528  1.504  0.613  0.3750 0.7386 0.7955   0.577
2024 |  2.528  1.504  0.613  0.3750 0.7386 0.7955   0.577
2112 |  2.528  1.504  0.613  0.3750 0.7386 0.7955   0.577
2200 |  2.528  1.504  0.613  0.3750 0.7386 0.7955   0.577
2288 |  2.528  1.504  0.613  0.3750 0.7386 0.7955   0.577
2376 |  2.528  1.504  0.613  0.3750 0.7386 0.7955   0.577
2464 |  2.528  1.504  0.613  0.3750 0.7386 0.7955   0.577
2552 |  2.528  1.504  0.613  0.3750 0.7386 0.7955   0.577
2640 |  2.528  1.504  0.613  0.3750 0.7386 0.7955   0.577
2728 |  2.528  1.504  0.613  0.3750 0.7386 0.7955   0.577
2816 |  2.528  1.504  0.613  0.3750 0.7386 0.7955   0.577
2904 |  2.528  1.504  0.613  0.3750 0.7386 0.7955   0.577
2992 |  2.528  1.504  0.613  0.3750 0.7386 0.7955   0.577
3080 |  2.528  1.504  0.613  0.3750 0.7386 0.7955   0.577
3168 |  2.528  1.504  0.613  0.3750 0.7386 0.7955   0.577
3256 |  2.528  1.504  0.613  0.3750 0.7386 0.7955   0.577
3344 |  2.528  1.504  0.613  0.3750 0.7386 0.7955   0.577
3432 |  2.528  1.504  0.613  0.3750 0.7386 0.7955   0.577
3520 |  2.528  1.504  0.613  0.3750 0.7386 0.7955   0.577
3608 |  2.528  1.504  0.613  0.3750 0.7386 0.7955   0.577
3696 |  2.528  1.504  0.613  0.3750 0.7386 0.7955   0.577
3784 |  2.528  1.504  0.613  0.3750 0.7386 0.7955   0.577
3872 |  2.528  1.504  0.613  0.3750 0.7386 0.7955   0.577
3960 |  2.528  1.504  0.613  0.3750 0.7386 0.7955   0.577
4048 |  2.528  1.504  0.613  0.3750 0.7386 0.7955   0.577
4136 |  2.528  1.504  0.613  0.3750 0.7386 0.7955   0.577
4224 |  2.528  1.504  0.613  0.3750 0.7386 0.7955   0.577
4312 |  2.528  1.504  0.613  0.3750 0.7386 0.7955   0.577
 216 |  2.528  1.504  0.613  0.3750 0.7386 0.7955   0.577
#
