# Superwater/superwater_010/2vxn_A.pdb
# Protein CA rmsd=  0.000
#  N |   RMSD    Ave    Med   f<0.5  f<1.0  f<1.5
  94 |  6.069  4.539  4.206  0.3298 0.3936 0.4149   0.389
 188 |  3.793  2.492  0.710  0.3936 0.5532 0.5957   0.516
 282 |  3.793  2.492  0.710  0.3936 0.5532 0.5957   0.516
 376 |  3.793  2.492  0.710  0.3936 0.5532 0.5957   0.516
 470 |  3.793  2.492  0.710  0.3936 0.5532 0.5957   0.516
 564 |  3.793  2.492  0.710  0.3936 0.5532 0.5957   0.516
 658 |  3.793  2.492  0.710  0.3936 0.5532 0.5957   0.516
 752 |  3.793  2.492  0.710  0.3936 0.5532 0.5957   0.516
 846 |  3.793  2.492  0.710  0.3936 0.5532 0.5957   0.516
 940 |  3.793  2.492  0.710  0.3936 0.5532 0.5957   0.516
1034 |  3.793  2.492  0.710  0.3936 0.5532 0.5957   0.516
1128 |  3.793  2.492  0.710  0.3936 0.5532 0.5957   0.516
1222 |  3.793  2.492  0.710  0.3936 0.5532 0.5957   0.516
1316 |  3.793  2.492  0.710  0.3936 0.5532 0.5957   0.516
1410 |  3.793  2.492  0.710  0.3936 0.5532 0.5957   0.516
1504 |  3.793  2.492  0.710  0.3936 0.5532 0.5957   0.516
1598 |  3.793  2.492  0.710  0.3936 0.5532 0.5957   0.516
1692 |  3.793  2.492  0.710  0.3936 0.5532 0.5957   0.516
1786 |  3.793  2.492  0.710  0.3936 0.5532 0.5957   0.516
1880 |  3.793  2.492  0.710  0.3936 0.5532 0.5957   0.516
1974 |  3.793  2.492  0.710  0.3936 0.5532 0.5957   0.516
2068 |  3.793  2.492  0.710  0.3936 0.5532 0.5957   0.516
2162 |  3.793  2.492  0.710  0.3936 0.5532 0.5957   0.516
2256 |  3.793  2.492  0.710  0.3936 0.5532 0.5957   0.516
2350 |  3.793  2.492  0.710  0.3936 0.5532 0.5957   0.516
2444 |  3.793  2.492  0.710  0.3936 0.5532 0.5957   0.516
2538 |  3.793  2.492  0.710  0.3936 0.5532 0.5957   0.516
2632 |  3.793  2.492  0.710  0.3936 0.5532 0.5957   0.516
2726 |  3.793  2.492  0.710  0.3936 0.5532 0.5957   0.516
2820 |  3.793  2.492  0.710  0.3936 0.5532 0.5957   0.516
2914 |  3.793  2.492  0.710  0.3936 0.5532 0.5957   0.516
3008 |  3.793  2.492  0.710  0.3936 0.5532 0.5957   0.516
3102 |  3.793  2.492  0.710  0.3936 0.5532 0.5957   0.516
3196 |  3.793  2.492  0.710  0.3936 0.5532 0.5957   0.516
3290 |  3.793  2.492  0.710  0.3936 0.5532 0.5957   0.516
3384 |  3.793  2.492  0.710  0.3936 0.5532 0.5957   0.516
3478 |  3.793  2.492  0.710  0.3936 0.5532 0.5957   0.516
3572 |  3.793  2.492  0.710  0.3936 0.5532 0.5957   0.516
3666 |  3.793  2.492  0.710  0.3936 0.5532 0.5957   0.516
3760 |  3.793  2.492  0.710  0.3936 0.5532 0.5957   0.516
3854 |  3.793  2.492  0.710  0.3936 0.5532 0.5957   0.516
3948 |  3.793  2.492  0.710  0.3936 0.5532 0.5957   0.516
4042 |  3.793  2.492  0.710  0.3936 0.5532 0.5957   0.516
4136 |  3.793  2.492  0.710  0.3936 0.5532 0.5957   0.516
4230 |  3.793  2.492  0.710  0.3936 0.5532 0.5957   0.516
4324 |  3.793  2.492  0.710  0.3936 0.5532 0.5957   0.516
4418 |  3.793  2.492  0.710  0.3936 0.5532 0.5957   0.516
4512 |  3.793  2.492  0.710  0.3936 0.5532 0.5957   0.516
4606 |  3.793  2.492  0.710  0.3936 0.5532 0.5957   0.516
 185 |  3.793  2.492  0.710  0.3936 0.5532 0.5957   0.516
#
