# Superwater/superwater_010/2xod_A.pdb
# Protein CA rmsd=  0.000
#  N |   RMSD    Ave    Med   f<0.5  f<1.0  f<1.5
  29 |  6.177  4.769  4.691  0.1724 0.3793 0.3793   0.575
  58 |  4.364  3.128  1.105  0.1724 0.4828 0.5172   0.649
  87 |  3.906  2.734  1.105  0.1724 0.4828 0.5172   0.703
 116 |  3.906  2.734  1.105  0.1724 0.4828 0.5172   0.703
 145 |  3.906  2.734  1.105  0.1724 0.4828 0.5172   0.703
 174 |  3.906  2.734  1.105  0.1724 0.4828 0.5172   0.703
 203 |  3.906  2.734  1.105  0.1724 0.4828 0.5172   0.703
 232 |  3.906  2.734  1.105  0.1724 0.4828 0.5172   0.703
 261 |  3.906  2.734  1.105  0.1724 0.4828 0.5172   0.703
 290 |  3.906  2.734  1.105  0.1724 0.4828 0.5172   0.703
 319 |  3.906  2.734  1.105  0.1724 0.4828 0.5172   0.703
 348 |  3.906  2.734  1.105  0.1724 0.4828 0.5172   0.703
 377 |  3.906  2.734  1.105  0.1724 0.4828 0.5172   0.703
 406 |  3.906  2.734  1.105  0.1724 0.4828 0.5172   0.703
 435 |  3.906  2.734  1.105  0.1724 0.4828 0.5172   0.703
 464 |  3.906  2.734  1.105  0.1724 0.4828 0.5172   0.703
 493 |  3.906  2.734  1.105  0.1724 0.4828 0.5172   0.703
 522 |  3.906  2.734  1.105  0.1724 0.4828 0.5172   0.703
 551 |  3.906  2.734  1.105  0.1724 0.4828 0.5172   0.703
 580 |  3.906  2.734  1.105  0.1724 0.4828 0.5172   0.703
 609 |  3.906  2.734  1.105  0.1724 0.4828 0.5172   0.703
 638 |  3.906  2.734  1.105  0.1724 0.4828 0.5172   0.703
 667 |  3.906  2.734  1.105  0.1724 0.4828 0.5172   0.703
 696 |  3.906  2.734  1.105  0.1724 0.4828 0.5172   0.703
 725 |  3.906  2.734  1.105  0.1724 0.4828 0.5172   0.703
 754 |  3.906  2.734  1.105  0.1724 0.4828 0.5172   0.703
 783 |  3.906  2.734  1.105  0.1724 0.4828 0.5172   0.703
 812 |  3.906  2.734  1.105  0.1724 0.4828 0.5172   0.703
 841 |  3.906  2.734  1.105  0.1724 0.4828 0.5172   0.703
 870 |  3.906  2.734  1.105  0.1724 0.4828 0.5172   0.703
 899 |  3.906  2.734  1.105  0.1724 0.4828 0.5172   0.703
 928 |  3.906  2.734  1.105  0.1724 0.4828 0.5172   0.703
 957 |  3.906  2.734  1.105  0.1724 0.4828 0.5172   0.703
 986 |  3.906  2.734  1.105  0.1724 0.4828 0.5172   0.703
1015 |  3.906  2.734  1.105  0.1724 0.4828 0.5172   0.703
1044 |  3.906  2.734  1.105  0.1724 0.4828 0.5172   0.703
1073 |  3.906  2.734  1.105  0.1724 0.4828 0.5172   0.703
1102 |  3.906  2.734  1.105  0.1724 0.4828 0.5172   0.703
1131 |  3.906  2.734  1.105  0.1724 0.4828 0.5172   0.703
1160 |  3.906  2.734  1.105  0.1724 0.4828 0.5172   0.703
1189 |  3.906  2.734  1.105  0.1724 0.4828 0.5172   0.703
1218 |  3.906  2.734  1.105  0.1724 0.4828 0.5172   0.703
1247 |  3.906  2.734  1.105  0.1724 0.4828 0.5172   0.703
1276 |  3.906  2.734  1.105  0.1724 0.4828 0.5172   0.703
1305 |  3.906  2.734  1.105  0.1724 0.4828 0.5172   0.703
1334 |  3.906  2.734  1.105  0.1724 0.4828 0.5172   0.703
1363 |  3.906  2.734  1.105  0.1724 0.4828 0.5172   0.703
1392 |  3.906  2.734  1.105  0.1724 0.4828 0.5172   0.703
1421 |  3.906  2.734  1.105  0.1724 0.4828 0.5172   0.703
  80 |  3.906  2.734  1.105  0.1724 0.4828 0.5172   0.703
#
