# Superwater/superwater_010/2xom_A.pdb
# Protein CA rmsd=  0.000
#  N |   RMSD    Ave    Med   f<0.5  f<1.0  f<1.5
  59 |  5.765  4.169  2.520  0.2542 0.4407 0.4746   0.508
 118 |  3.285  2.073  0.803  0.3051 0.5932 0.6949   0.599
 177 |  3.285  2.073  0.803  0.3051 0.5932 0.6949   0.599
 236 |  3.285  2.073  0.803  0.3051 0.5932 0.6949   0.599
 295 |  3.285  2.073  0.803  0.3051 0.5932 0.6949   0.599
 354 |  3.285  2.073  0.803  0.3051 0.5932 0.6949   0.599
 413 |  3.285  2.073  0.803  0.3051 0.5932 0.6949   0.599
 472 |  3.285  2.073  0.803  0.3051 0.5932 0.6949   0.599
 531 |  3.285  2.073  0.803  0.3051 0.5932 0.6949   0.599
 590 |  3.285  2.073  0.803  0.3051 0.5932 0.6949   0.599
 649 |  3.285  2.073  0.803  0.3051 0.5932 0.6949   0.599
 708 |  3.285  2.073  0.803  0.3051 0.5932 0.6949   0.599
 767 |  3.285  2.073  0.803  0.3051 0.5932 0.6949   0.599
 826 |  3.285  2.073  0.803  0.3051 0.5932 0.6949   0.599
 885 |  3.285  2.073  0.803  0.3051 0.5932 0.6949   0.599
 944 |  3.285  2.073  0.803  0.3051 0.5932 0.6949   0.599
1003 |  3.285  2.073  0.803  0.3051 0.5932 0.6949   0.599
1062 |  3.285  2.073  0.803  0.3051 0.5932 0.6949   0.599
1121 |  3.285  2.073  0.803  0.3051 0.5932 0.6949   0.599
1180 |  3.285  2.073  0.803  0.3051 0.5932 0.6949   0.599
1239 |  3.285  2.073  0.803  0.3051 0.5932 0.6949   0.599
1298 |  3.285  2.073  0.803  0.3051 0.5932 0.6949   0.599
1357 |  3.285  2.073  0.803  0.3051 0.5932 0.6949   0.599
1416 |  3.285  2.073  0.803  0.3051 0.5932 0.6949   0.599
1475 |  3.285  2.073  0.803  0.3051 0.5932 0.6949   0.599
1534 |  3.285  2.073  0.803  0.3051 0.5932 0.6949   0.599
1593 |  3.285  2.073  0.803  0.3051 0.5932 0.6949   0.599
1652 |  3.285  2.073  0.803  0.3051 0.5932 0.6949   0.599
1711 |  3.285  2.073  0.803  0.3051 0.5932 0.6949   0.599
1770 |  3.285  2.073  0.803  0.3051 0.5932 0.6949   0.599
1829 |  3.285  2.073  0.803  0.3051 0.5932 0.6949   0.599
1888 |  3.285  2.073  0.803  0.3051 0.5932 0.6949   0.599
1947 |  3.285  2.073  0.803  0.3051 0.5932 0.6949   0.599
2006 |  3.285  2.073  0.803  0.3051 0.5932 0.6949   0.599
2065 |  3.285  2.073  0.803  0.3051 0.5932 0.6949   0.599
2124 |  3.285  2.073  0.803  0.3051 0.5932 0.6949   0.599
2183 |  3.285  2.073  0.803  0.3051 0.5932 0.6949   0.599
2242 |  3.285  2.073  0.803  0.3051 0.5932 0.6949   0.599
2301 |  3.285  2.073  0.803  0.3051 0.5932 0.6949   0.599
2360 |  3.285  2.073  0.803  0.3051 0.5932 0.6949   0.599
2419 |  3.285  2.073  0.803  0.3051 0.5932 0.6949   0.599
2478 |  3.285  2.073  0.803  0.3051 0.5932 0.6949   0.599
2537 |  3.285  2.073  0.803  0.3051 0.5932 0.6949   0.599
2596 |  3.285  2.073  0.803  0.3051 0.5932 0.6949   0.599
2655 |  3.285  2.073  0.803  0.3051 0.5932 0.6949   0.599
2714 |  3.285  2.073  0.803  0.3051 0.5932 0.6949   0.599
2773 |  3.285  2.073  0.803  0.3051 0.5932 0.6949   0.599
2832 |  3.285  2.073  0.803  0.3051 0.5932 0.6949   0.599
2891 |  3.285  2.073  0.803  0.3051 0.5932 0.6949   0.599
 104 |  3.285  2.073  0.803  0.3051 0.5932 0.6949   0.599
#
