# Superwater/superwater_010/2xu3_A.pdb
# Protein CA rmsd=  0.000
#  N |   RMSD    Ave    Med   f<0.5  f<1.0  f<1.5
 102 |  5.603  3.976  2.322  0.2941 0.4804 0.4902   0.481
 204 |  4.077  2.704  0.816  0.3039 0.5392 0.5686   0.583
 306 |  4.077  2.704  0.816  0.3039 0.5392 0.5686   0.583
 408 |  4.077  2.704  0.816  0.3039 0.5392 0.5686   0.583
 510 |  4.077  2.704  0.816  0.3039 0.5392 0.5686   0.583
 612 |  4.077  2.704  0.816  0.3039 0.5392 0.5686   0.583
 714 |  4.077  2.704  0.816  0.3039 0.5392 0.5686   0.583
 816 |  4.077  2.704  0.816  0.3039 0.5392 0.5686   0.583
 918 |  4.077  2.704  0.816  0.3039 0.5392 0.5686   0.583
1020 |  4.077  2.704  0.816  0.3039 0.5392 0.5686   0.583
1122 |  4.077  2.704  0.816  0.3039 0.5392 0.5686   0.583
1224 |  4.077  2.704  0.816  0.3039 0.5392 0.5686   0.583
1326 |  4.077  2.704  0.816  0.3039 0.5392 0.5686   0.583
1428 |  4.077  2.704  0.816  0.3039 0.5392 0.5686   0.583
1530 |  4.077  2.704  0.816  0.3039 0.5392 0.5686   0.583
1632 |  4.077  2.704  0.816  0.3039 0.5392 0.5686   0.583
1734 |  4.077  2.704  0.816  0.3039 0.5392 0.5686   0.583
1836 |  4.077  2.704  0.816  0.3039 0.5392 0.5686   0.583
1938 |  4.077  2.704  0.816  0.3039 0.5392 0.5686   0.583
2040 |  4.077  2.704  0.816  0.3039 0.5392 0.5686   0.583
2142 |  4.077  2.704  0.816  0.3039 0.5392 0.5686   0.583
2244 |  4.077  2.704  0.816  0.3039 0.5392 0.5686   0.583
2346 |  4.077  2.704  0.816  0.3039 0.5392 0.5686   0.583
2448 |  4.077  2.704  0.816  0.3039 0.5392 0.5686   0.583
2550 |  4.077  2.704  0.816  0.3039 0.5392 0.5686   0.583
2652 |  4.077  2.704  0.816  0.3039 0.5392 0.5686   0.583
2754 |  4.077  2.704  0.816  0.3039 0.5392 0.5686   0.583
2856 |  4.077  2.704  0.816  0.3039 0.5392 0.5686   0.583
2958 |  4.077  2.704  0.816  0.3039 0.5392 0.5686   0.583
3060 |  4.077  2.704  0.816  0.3039 0.5392 0.5686   0.583
3162 |  4.077  2.704  0.816  0.3039 0.5392 0.5686   0.583
3264 |  4.077  2.704  0.816  0.3039 0.5392 0.5686   0.583
3366 |  4.077  2.704  0.816  0.3039 0.5392 0.5686   0.583
3468 |  4.077  2.704  0.816  0.3039 0.5392 0.5686   0.583
3570 |  4.077  2.704  0.816  0.3039 0.5392 0.5686   0.583
3672 |  4.077  2.704  0.816  0.3039 0.5392 0.5686   0.583
3774 |  4.077  2.704  0.816  0.3039 0.5392 0.5686   0.583
3876 |  4.077  2.704  0.816  0.3039 0.5392 0.5686   0.583
3978 |  4.077  2.704  0.816  0.3039 0.5392 0.5686   0.583
4080 |  4.077  2.704  0.816  0.3039 0.5392 0.5686   0.583
4182 |  4.077  2.704  0.816  0.3039 0.5392 0.5686   0.583
4284 |  4.077  2.704  0.816  0.3039 0.5392 0.5686   0.583
4386 |  4.077  2.704  0.816  0.3039 0.5392 0.5686   0.583
4488 |  4.077  2.704  0.816  0.3039 0.5392 0.5686   0.583
4590 |  4.077  2.704  0.816  0.3039 0.5392 0.5686   0.583
4692 |  4.077  2.704  0.816  0.3039 0.5392 0.5686   0.583
4794 |  4.077  2.704  0.816  0.3039 0.5392 0.5686   0.583
4896 |  4.077  2.704  0.816  0.3039 0.5392 0.5686   0.583
4998 |  4.077  2.704  0.816  0.3039 0.5392 0.5686   0.583
 149 |  4.077  2.704  0.816  0.3039 0.5392 0.5686   0.583
#
