# Superwater/superwater_010/2y78_A.pdb
# Protein CA rmsd=  0.000
#  N |   RMSD    Ave    Med   f<0.5  f<1.0  f<1.5
  57 |  4.936  3.527  2.613  0.2982 0.4211 0.4386   0.489
 114 |  3.005  1.969  0.751  0.3684 0.5965 0.6316   0.562
 171 |  3.005  1.969  0.751  0.3684 0.5965 0.6316   0.562
 228 |  3.005  1.969  0.751  0.3684 0.5965 0.6316   0.562
 285 |  3.005  1.969  0.751  0.3684 0.5965 0.6316   0.562
 342 |  3.005  1.969  0.751  0.3684 0.5965 0.6316   0.562
 399 |  3.005  1.969  0.751  0.3684 0.5965 0.6316   0.562
 456 |  3.005  1.969  0.751  0.3684 0.5965 0.6316   0.562
 513 |  3.005  1.969  0.751  0.3684 0.5965 0.6316   0.562
 570 |  3.005  1.969  0.751  0.3684 0.5965 0.6316   0.562
 627 |  3.005  1.969  0.751  0.3684 0.5965 0.6316   0.562
 684 |  3.005  1.969  0.751  0.3684 0.5965 0.6316   0.562
 741 |  3.005  1.969  0.751  0.3684 0.5965 0.6316   0.562
 798 |  3.005  1.969  0.751  0.3684 0.5965 0.6316   0.562
 855 |  3.005  1.969  0.751  0.3684 0.5965 0.6316   0.562
 912 |  3.005  1.969  0.751  0.3684 0.5965 0.6316   0.562
 969 |  3.005  1.969  0.751  0.3684 0.5965 0.6316   0.562
1026 |  3.005  1.969  0.751  0.3684 0.5965 0.6316   0.562
1083 |  3.005  1.969  0.751  0.3684 0.5965 0.6316   0.562
1140 |  3.005  1.969  0.751  0.3684 0.5965 0.6316   0.562
1197 |  3.005  1.969  0.751  0.3684 0.5965 0.6316   0.562
1254 |  3.005  1.969  0.751  0.3684 0.5965 0.6316   0.562
1311 |  3.005  1.969  0.751  0.3684 0.5965 0.6316   0.562
1368 |  3.005  1.969  0.751  0.3684 0.5965 0.6316   0.562
1425 |  3.005  1.969  0.751  0.3684 0.5965 0.6316   0.562
1482 |  3.005  1.969  0.751  0.3684 0.5965 0.6316   0.562
1539 |  3.005  1.969  0.751  0.3684 0.5965 0.6316   0.562
1596 |  3.005  1.969  0.751  0.3684 0.5965 0.6316   0.562
1653 |  3.005  1.969  0.751  0.3684 0.5965 0.6316   0.562
1710 |  3.005  1.969  0.751  0.3684 0.5965 0.6316   0.562
1767 |  3.005  1.969  0.751  0.3684 0.5965 0.6316   0.562
1824 |  3.005  1.969  0.751  0.3684 0.5965 0.6316   0.562
1881 |  3.005  1.969  0.751  0.3684 0.5965 0.6316   0.562
1938 |  3.005  1.969  0.751  0.3684 0.5965 0.6316   0.562
1995 |  3.005  1.969  0.751  0.3684 0.5965 0.6316   0.562
2052 |  3.005  1.969  0.751  0.3684 0.5965 0.6316   0.562
2109 |  3.005  1.969  0.751  0.3684 0.5965 0.6316   0.562
2166 |  3.005  1.969  0.751  0.3684 0.5965 0.6316   0.562
2223 |  3.005  1.969  0.751  0.3684 0.5965 0.6316   0.562
2280 |  3.005  1.969  0.751  0.3684 0.5965 0.6316   0.562
2337 |  3.005  1.969  0.751  0.3684 0.5965 0.6316   0.562
2394 |  3.005  1.969  0.751  0.3684 0.5965 0.6316   0.562
2451 |  3.005  1.969  0.751  0.3684 0.5965 0.6316   0.562
2508 |  3.005  1.969  0.751  0.3684 0.5965 0.6316   0.562
2565 |  3.005  1.969  0.751  0.3684 0.5965 0.6316   0.562
2622 |  3.005  1.969  0.751  0.3684 0.5965 0.6316   0.562
2679 |  3.005  1.969  0.751  0.3684 0.5965 0.6316   0.562
2736 |  3.005  1.969  0.751  0.3684 0.5965 0.6316   0.562
2793 |  3.005  1.969  0.751  0.3684 0.5965 0.6316   0.562
 106 |  3.005  1.969  0.751  0.3684 0.5965 0.6316   0.562
#
