# Superwater/superwater_010/3agn_A.pdb
# Protein CA rmsd=  0.000
#  N |   RMSD    Ave    Med   f<0.5  f<1.0  f<1.5
  47 |  5.878  4.412  3.881  0.2766 0.4255 0.4255   0.449
  94 |  3.538  2.291  0.641  0.3830 0.5957 0.6383   0.538
 141 |  3.538  2.291  0.641  0.3830 0.5957 0.6383   0.538
 188 |  3.538  2.291  0.641  0.3830 0.5957 0.6383   0.538
 235 |  3.538  2.291  0.641  0.3830 0.5957 0.6383   0.538
 282 |  3.538  2.291  0.641  0.3830 0.5957 0.6383   0.538
 329 |  3.538  2.291  0.641  0.3830 0.5957 0.6383   0.538
 376 |  3.538  2.291  0.641  0.3830 0.5957 0.6383   0.538
 423 |  3.538  2.291  0.641  0.3830 0.5957 0.6383   0.538
 470 |  3.538  2.291  0.641  0.3830 0.5957 0.6383   0.538
 517 |  3.538  2.291  0.641  0.3830 0.5957 0.6383   0.538
 564 |  3.538  2.291  0.641  0.3830 0.5957 0.6383   0.538
 611 |  3.538  2.291  0.641  0.3830 0.5957 0.6383   0.538
 658 |  3.538  2.291  0.641  0.3830 0.5957 0.6383   0.538
 705 |  3.538  2.291  0.641  0.3830 0.5957 0.6383   0.538
 752 |  3.538  2.291  0.641  0.3830 0.5957 0.6383   0.538
 799 |  3.538  2.291  0.641  0.3830 0.5957 0.6383   0.538
 846 |  3.538  2.291  0.641  0.3830 0.5957 0.6383   0.538
 893 |  3.538  2.291  0.641  0.3830 0.5957 0.6383   0.538
 940 |  3.538  2.291  0.641  0.3830 0.5957 0.6383   0.538
 987 |  3.538  2.291  0.641  0.3830 0.5957 0.6383   0.538
1034 |  3.538  2.291  0.641  0.3830 0.5957 0.6383   0.538
1081 |  3.538  2.291  0.641  0.3830 0.5957 0.6383   0.538
1128 |  3.538  2.291  0.641  0.3830 0.5957 0.6383   0.538
1175 |  3.538  2.291  0.641  0.3830 0.5957 0.6383   0.538
1222 |  3.538  2.291  0.641  0.3830 0.5957 0.6383   0.538
1269 |  3.538  2.291  0.641  0.3830 0.5957 0.6383   0.538
1316 |  3.538  2.291  0.641  0.3830 0.5957 0.6383   0.538
1363 |  3.538  2.291  0.641  0.3830 0.5957 0.6383   0.538
1410 |  3.538  2.291  0.641  0.3830 0.5957 0.6383   0.538
1457 |  3.538  2.291  0.641  0.3830 0.5957 0.6383   0.538
1504 |  3.538  2.291  0.641  0.3830 0.5957 0.6383   0.538
1551 |  3.538  2.291  0.641  0.3830 0.5957 0.6383   0.538
1598 |  3.538  2.291  0.641  0.3830 0.5957 0.6383   0.538
1645 |  3.538  2.291  0.641  0.3830 0.5957 0.6383   0.538
1692 |  3.538  2.291  0.641  0.3830 0.5957 0.6383   0.538
1739 |  3.538  2.291  0.641  0.3830 0.5957 0.6383   0.538
1786 |  3.538  2.291  0.641  0.3830 0.5957 0.6383   0.538
1833 |  3.538  2.291  0.641  0.3830 0.5957 0.6383   0.538
1880 |  3.538  2.291  0.641  0.3830 0.5957 0.6383   0.538
1927 |  3.538  2.291  0.641  0.3830 0.5957 0.6383   0.538
1974 |  3.538  2.291  0.641  0.3830 0.5957 0.6383   0.538
2021 |  3.538  2.291  0.641  0.3830 0.5957 0.6383   0.538
2068 |  3.538  2.291  0.641  0.3830 0.5957 0.6383   0.538
2115 |  3.538  2.291  0.641  0.3830 0.5957 0.6383   0.538
2162 |  3.538  2.291  0.641  0.3830 0.5957 0.6383   0.538
2209 |  3.538  2.291  0.641  0.3830 0.5957 0.6383   0.538
2256 |  3.538  2.291  0.641  0.3830 0.5957 0.6383   0.538
2303 |  3.538  2.291  0.641  0.3830 0.5957 0.6383   0.538
  87 |  3.538  2.291  0.641  0.3830 0.5957 0.6383   0.538
#
