# Superwater/superwater_010/3aks_A.pdb
# Protein CA rmsd=  0.000
#  N |   RMSD    Ave    Med   f<0.5  f<1.0  f<1.5
  86 |  5.402  3.995  3.250  0.1977 0.4186 0.4419   0.565
 172 |  2.889  1.880  0.745  0.2674 0.6047 0.6512   0.654
 258 |  2.889  1.880  0.745  0.2674 0.6047 0.6512   0.654
 344 |  2.889  1.880  0.745  0.2674 0.6047 0.6512   0.654
 430 |  2.889  1.880  0.745  0.2674 0.6047 0.6512   0.654
 516 |  2.889  1.880  0.745  0.2674 0.6047 0.6512   0.654
 602 |  2.889  1.880  0.745  0.2674 0.6047 0.6512   0.654
 688 |  2.889  1.880  0.745  0.2674 0.6047 0.6512   0.654
 774 |  2.889  1.880  0.745  0.2674 0.6047 0.6512   0.654
 860 |  2.889  1.880  0.745  0.2674 0.6047 0.6512   0.654
 946 |  2.889  1.880  0.745  0.2674 0.6047 0.6512   0.654
1032 |  2.889  1.880  0.745  0.2674 0.6047 0.6512   0.654
1118 |  2.889  1.880  0.745  0.2674 0.6047 0.6512   0.654
1204 |  2.889  1.880  0.745  0.2674 0.6047 0.6512   0.654
1290 |  2.889  1.880  0.745  0.2674 0.6047 0.6512   0.654
1376 |  2.889  1.880  0.745  0.2674 0.6047 0.6512   0.654
1462 |  2.889  1.880  0.745  0.2674 0.6047 0.6512   0.654
1548 |  2.889  1.880  0.745  0.2674 0.6047 0.6512   0.654
1634 |  2.889  1.880  0.745  0.2674 0.6047 0.6512   0.654
1720 |  2.889  1.880  0.745  0.2674 0.6047 0.6512   0.654
1806 |  2.889  1.880  0.745  0.2674 0.6047 0.6512   0.654
1892 |  2.889  1.880  0.745  0.2674 0.6047 0.6512   0.654
1978 |  2.889  1.880  0.745  0.2674 0.6047 0.6512   0.654
2064 |  2.889  1.880  0.745  0.2674 0.6047 0.6512   0.654
2150 |  2.889  1.880  0.745  0.2674 0.6047 0.6512   0.654
2236 |  2.889  1.880  0.745  0.2674 0.6047 0.6512   0.654
2322 |  2.889  1.880  0.745  0.2674 0.6047 0.6512   0.654
2408 |  2.889  1.880  0.745  0.2674 0.6047 0.6512   0.654
2494 |  2.889  1.880  0.745  0.2674 0.6047 0.6512   0.654
2580 |  2.889  1.880  0.745  0.2674 0.6047 0.6512   0.654
2666 |  2.889  1.880  0.745  0.2674 0.6047 0.6512   0.654
2752 |  2.889  1.880  0.745  0.2674 0.6047 0.6512   0.654
2838 |  2.889  1.880  0.745  0.2674 0.6047 0.6512   0.654
2924 |  2.889  1.880  0.745  0.2674 0.6047 0.6512   0.654
3010 |  2.889  1.880  0.745  0.2674 0.6047 0.6512   0.654
3096 |  2.889  1.880  0.745  0.2674 0.6047 0.6512   0.654
3182 |  2.889  1.880  0.745  0.2674 0.6047 0.6512   0.654
3268 |  2.889  1.880  0.745  0.2674 0.6047 0.6512   0.654
3354 |  2.889  1.880  0.745  0.2674 0.6047 0.6512   0.654
3440 |  2.889  1.880  0.745  0.2674 0.6047 0.6512   0.654
3526 |  2.889  1.880  0.745  0.2674 0.6047 0.6512   0.654
3612 |  2.889  1.880  0.745  0.2674 0.6047 0.6512   0.654
3698 |  2.889  1.880  0.745  0.2674 0.6047 0.6512   0.654
3784 |  2.889  1.880  0.745  0.2674 0.6047 0.6512   0.654
3870 |  2.889  1.880  0.745  0.2674 0.6047 0.6512   0.654
3956 |  2.889  1.880  0.745  0.2674 0.6047 0.6512   0.654
4042 |  2.889  1.880  0.745  0.2674 0.6047 0.6512   0.654
4128 |  2.889  1.880  0.745  0.2674 0.6047 0.6512   0.654
4214 |  2.889  1.880  0.745  0.2674 0.6047 0.6512   0.654
 150 |  2.889  1.880  0.745  0.2674 0.6047 0.6512   0.654
#
