# Superwater/superwater_010/3bwh_A.pdb
# Protein CA rmsd=  0.000
#  N |   RMSD    Ave    Med   f<0.5  f<1.0  f<1.5
  74 |  5.952  4.420  4.039  0.2973 0.4189 0.4324   0.418
 148 |  2.825  1.698  0.659  0.4189 0.6892 0.7703   0.558
 222 |  2.368  1.456  0.629  0.4324 0.7027 0.7838   0.577
 296 |  2.368  1.456  0.629  0.4324 0.7027 0.7838   0.577
 370 |  2.368  1.456  0.629  0.4324 0.7027 0.7838   0.577
 444 |  2.368  1.456  0.629  0.4324 0.7027 0.7838   0.577
 518 |  2.368  1.456  0.629  0.4324 0.7027 0.7838   0.577
 592 |  2.368  1.456  0.629  0.4324 0.7027 0.7838   0.577
 666 |  2.368  1.456  0.629  0.4324 0.7027 0.7838   0.577
 740 |  2.368  1.456  0.629  0.4324 0.7027 0.7838   0.577
 814 |  2.368  1.456  0.629  0.4324 0.7027 0.7838   0.577
 888 |  2.368  1.456  0.629  0.4324 0.7027 0.7838   0.577
 962 |  2.368  1.456  0.629  0.4324 0.7027 0.7838   0.577
1036 |  2.368  1.456  0.629  0.4324 0.7027 0.7838   0.577
1110 |  2.368  1.456  0.629  0.4324 0.7027 0.7838   0.577
1184 |  2.368  1.456  0.629  0.4324 0.7027 0.7838   0.577
1258 |  2.368  1.456  0.629  0.4324 0.7027 0.7838   0.577
1332 |  2.368  1.456  0.629  0.4324 0.7027 0.7838   0.577
1406 |  2.368  1.456  0.629  0.4324 0.7027 0.7838   0.577
1480 |  2.368  1.456  0.629  0.4324 0.7027 0.7838   0.577
1554 |  2.368  1.456  0.629  0.4324 0.7027 0.7838   0.577
1628 |  2.368  1.456  0.629  0.4324 0.7027 0.7838   0.577
1702 |  2.368  1.456  0.629  0.4324 0.7027 0.7838   0.577
1776 |  2.368  1.456  0.629  0.4324 0.7027 0.7838   0.577
1850 |  2.368  1.456  0.629  0.4324 0.7027 0.7838   0.577
1924 |  2.368  1.456  0.629  0.4324 0.7027 0.7838   0.577
1998 |  2.368  1.456  0.629  0.4324 0.7027 0.7838   0.577
2072 |  2.368  1.456  0.629  0.4324 0.7027 0.7838   0.577
2146 |  2.368  1.456  0.629  0.4324 0.7027 0.7838   0.577
2220 |  2.368  1.456  0.629  0.4324 0.7027 0.7838   0.577
2294 |  2.368  1.456  0.629  0.4324 0.7027 0.7838   0.577
2368 |  2.368  1.456  0.629  0.4324 0.7027 0.7838   0.577
2442 |  2.368  1.456  0.629  0.4324 0.7027 0.7838   0.577
2516 |  2.368  1.456  0.629  0.4324 0.7027 0.7838   0.577
2590 |  2.368  1.456  0.629  0.4324 0.7027 0.7838   0.577
2664 |  2.368  1.456  0.629  0.4324 0.7027 0.7838   0.577
2738 |  2.368  1.456  0.629  0.4324 0.7027 0.7838   0.577
2812 |  2.368  1.456  0.629  0.4324 0.7027 0.7838   0.577
2886 |  2.368  1.456  0.629  0.4324 0.7027 0.7838   0.577
2960 |  2.368  1.456  0.629  0.4324 0.7027 0.7838   0.577
3034 |  2.368  1.456  0.629  0.4324 0.7027 0.7838   0.577
3108 |  2.368  1.456  0.629  0.4324 0.7027 0.7838   0.577
3182 |  2.368  1.456  0.629  0.4324 0.7027 0.7838   0.577
3256 |  2.368  1.456  0.629  0.4324 0.7027 0.7838   0.577
3330 |  2.368  1.456  0.629  0.4324 0.7027 0.7838   0.577
3404 |  2.368  1.456  0.629  0.4324 0.7027 0.7838   0.577
3478 |  2.368  1.456  0.629  0.4324 0.7027 0.7838   0.577
3552 |  2.368  1.456  0.629  0.4324 0.7027 0.7838   0.577
3626 |  2.368  1.456  0.629  0.4324 0.7027 0.7838   0.577
 178 |  2.368  1.456  0.629  0.4324 0.7027 0.7838   0.577
#
