# Superwater/superwater_010/3d1p_A.pdb
# Protein CA rmsd=  0.000
#  N |   RMSD    Ave    Med   f<0.5  f<1.0  f<1.5
  58 |  5.561  4.032  2.800  0.2759 0.4655 0.4655   0.458
 116 |  3.298  2.150  0.767  0.3103 0.5862 0.6379   0.573
 174 |  3.298  2.150  0.767  0.3103 0.5862 0.6379   0.573
 232 |  3.298  2.150  0.767  0.3103 0.5862 0.6379   0.573
 290 |  3.298  2.150  0.767  0.3103 0.5862 0.6379   0.573
 348 |  3.298  2.150  0.767  0.3103 0.5862 0.6379   0.573
 406 |  3.298  2.150  0.767  0.3103 0.5862 0.6379   0.573
 464 |  3.298  2.150  0.767  0.3103 0.5862 0.6379   0.573
 522 |  3.298  2.150  0.767  0.3103 0.5862 0.6379   0.573
 580 |  3.298  2.150  0.767  0.3103 0.5862 0.6379   0.573
 638 |  3.298  2.150  0.767  0.3103 0.5862 0.6379   0.573
 696 |  3.298  2.150  0.767  0.3103 0.5862 0.6379   0.573
 754 |  3.298  2.150  0.767  0.3103 0.5862 0.6379   0.573
 812 |  3.298  2.150  0.767  0.3103 0.5862 0.6379   0.573
 870 |  3.298  2.150  0.767  0.3103 0.5862 0.6379   0.573
 928 |  3.298  2.150  0.767  0.3103 0.5862 0.6379   0.573
 986 |  3.298  2.150  0.767  0.3103 0.5862 0.6379   0.573
1044 |  3.298  2.150  0.767  0.3103 0.5862 0.6379   0.573
1102 |  3.298  2.150  0.767  0.3103 0.5862 0.6379   0.573
1160 |  3.298  2.150  0.767  0.3103 0.5862 0.6379   0.573
1218 |  3.298  2.150  0.767  0.3103 0.5862 0.6379   0.573
1276 |  3.298  2.150  0.767  0.3103 0.5862 0.6379   0.573
1334 |  3.298  2.150  0.767  0.3103 0.5862 0.6379   0.573
1392 |  3.298  2.150  0.767  0.3103 0.5862 0.6379   0.573
1450 |  3.298  2.150  0.767  0.3103 0.5862 0.6379   0.573
1508 |  3.298  2.150  0.767  0.3103 0.5862 0.6379   0.573
1566 |  3.298  2.150  0.767  0.3103 0.5862 0.6379   0.573
1624 |  3.298  2.150  0.767  0.3103 0.5862 0.6379   0.573
1682 |  3.298  2.150  0.767  0.3103 0.5862 0.6379   0.573
1740 |  3.298  2.150  0.767  0.3103 0.5862 0.6379   0.573
1798 |  3.298  2.150  0.767  0.3103 0.5862 0.6379   0.573
1856 |  3.298  2.150  0.767  0.3103 0.5862 0.6379   0.573
1914 |  3.298  2.150  0.767  0.3103 0.5862 0.6379   0.573
1972 |  3.298  2.150  0.767  0.3103 0.5862 0.6379   0.573
2030 |  3.298  2.150  0.767  0.3103 0.5862 0.6379   0.573
2088 |  3.298  2.150  0.767  0.3103 0.5862 0.6379   0.573
2146 |  3.298  2.150  0.767  0.3103 0.5862 0.6379   0.573
2204 |  3.298  2.150  0.767  0.3103 0.5862 0.6379   0.573
2262 |  3.298  2.150  0.767  0.3103 0.5862 0.6379   0.573
2320 |  3.298  2.150  0.767  0.3103 0.5862 0.6379   0.573
2378 |  3.298  2.150  0.767  0.3103 0.5862 0.6379   0.573
2436 |  3.298  2.150  0.767  0.3103 0.5862 0.6379   0.573
2494 |  3.298  2.150  0.767  0.3103 0.5862 0.6379   0.573
2552 |  3.298  2.150  0.767  0.3103 0.5862 0.6379   0.573
2610 |  3.298  2.150  0.767  0.3103 0.5862 0.6379   0.573
2668 |  3.298  2.150  0.767  0.3103 0.5862 0.6379   0.573
2726 |  3.298  2.150  0.767  0.3103 0.5862 0.6379   0.573
2784 |  3.298  2.150  0.767  0.3103 0.5862 0.6379   0.573
2842 |  3.298  2.150  0.767  0.3103 0.5862 0.6379   0.573
 106 |  3.298  2.150  0.767  0.3103 0.5862 0.6379   0.573
#
