# Superwater/superwater_010/3dha_A.pdb
# Protein CA rmsd=  0.000
#  N |   RMSD    Ave    Med   f<0.5  f<1.0  f<1.5
  68 |  5.537  3.914  2.214  0.3676 0.4559 0.4706   0.416
 136 |  2.559  1.516  0.498  0.5000 0.6765 0.7206   0.455
 204 |  1.973  1.166  0.498  0.5000 0.7353 0.7941   0.491
 272 |  1.973  1.166  0.498  0.5000 0.7353 0.7941   0.491
 340 |  1.973  1.166  0.498  0.5000 0.7353 0.7941   0.491
 408 |  1.973  1.166  0.498  0.5000 0.7353 0.7941   0.491
 476 |  1.973  1.166  0.498  0.5000 0.7353 0.7941   0.491
 544 |  1.973  1.166  0.498  0.5000 0.7353 0.7941   0.491
 612 |  1.973  1.166  0.498  0.5000 0.7353 0.7941   0.491
 680 |  1.973  1.166  0.498  0.5000 0.7353 0.7941   0.491
 748 |  1.973  1.166  0.498  0.5000 0.7353 0.7941   0.491
 816 |  1.973  1.166  0.498  0.5000 0.7353 0.7941   0.491
 884 |  1.973  1.166  0.498  0.5000 0.7353 0.7941   0.491
 952 |  1.973  1.166  0.498  0.5000 0.7353 0.7941   0.491
1020 |  1.973  1.166  0.498  0.5000 0.7353 0.7941   0.491
1088 |  1.973  1.166  0.498  0.5000 0.7353 0.7941   0.491
1156 |  1.973  1.166  0.498  0.5000 0.7353 0.7941   0.491
1224 |  1.973  1.166  0.498  0.5000 0.7353 0.7941   0.491
1292 |  1.973  1.166  0.498  0.5000 0.7353 0.7941   0.491
1360 |  1.973  1.166  0.498  0.5000 0.7353 0.7941   0.491
1428 |  1.973  1.166  0.498  0.5000 0.7353 0.7941   0.491
1496 |  1.973  1.166  0.498  0.5000 0.7353 0.7941   0.491
1564 |  1.973  1.166  0.498  0.5000 0.7353 0.7941   0.491
1632 |  1.973  1.166  0.498  0.5000 0.7353 0.7941   0.491
1700 |  1.973  1.166  0.498  0.5000 0.7353 0.7941   0.491
1768 |  1.973  1.166  0.498  0.5000 0.7353 0.7941   0.491
1836 |  1.973  1.166  0.498  0.5000 0.7353 0.7941   0.491
1904 |  1.973  1.166  0.498  0.5000 0.7353 0.7941   0.491
1972 |  1.973  1.166  0.498  0.5000 0.7353 0.7941   0.491
2040 |  1.973  1.166  0.498  0.5000 0.7353 0.7941   0.491
2108 |  1.973  1.166  0.498  0.5000 0.7353 0.7941   0.491
2176 |  1.973  1.166  0.498  0.5000 0.7353 0.7941   0.491
2244 |  1.973  1.166  0.498  0.5000 0.7353 0.7941   0.491
2312 |  1.973  1.166  0.498  0.5000 0.7353 0.7941   0.491
2380 |  1.973  1.166  0.498  0.5000 0.7353 0.7941   0.491
2448 |  1.973  1.166  0.498  0.5000 0.7353 0.7941   0.491
2516 |  1.973  1.166  0.498  0.5000 0.7353 0.7941   0.491
2584 |  1.973  1.166  0.498  0.5000 0.7353 0.7941   0.491
2652 |  1.973  1.166  0.498  0.5000 0.7353 0.7941   0.491
2720 |  1.973  1.166  0.498  0.5000 0.7353 0.7941   0.491
2788 |  1.973  1.166  0.498  0.5000 0.7353 0.7941   0.491
2856 |  1.973  1.166  0.498  0.5000 0.7353 0.7941   0.491
2924 |  1.973  1.166  0.498  0.5000 0.7353 0.7941   0.491
2992 |  1.973  1.166  0.498  0.5000 0.7353 0.7941   0.491
3060 |  1.973  1.166  0.498  0.5000 0.7353 0.7941   0.491
3128 |  1.973  1.166  0.498  0.5000 0.7353 0.7941   0.491
3196 |  1.973  1.166  0.498  0.5000 0.7353 0.7941   0.491
3264 |  1.973  1.166  0.498  0.5000 0.7353 0.7941   0.491
3332 |  1.973  1.166  0.498  0.5000 0.7353 0.7941   0.491
 174 |  1.973  1.166  0.498  0.5000 0.7353 0.7941   0.491
#
