# Superwater/superwater_010/3e4g_A.pdb
# Protein CA rmsd=  0.000
#  N |   RMSD    Ave    Med   f<0.5  f<1.0  f<1.5
  86 |  4.829  3.339  1.820  0.3140 0.4302 0.4651   0.527
 172 |  3.172  2.078  0.797  0.3605 0.5233 0.6047   0.570
 258 |  3.172  2.078  0.797  0.3605 0.5233 0.6047   0.570
 344 |  3.172  2.078  0.797  0.3605 0.5233 0.6047   0.570
 430 |  3.172  2.078  0.797  0.3605 0.5233 0.6047   0.570
 516 |  3.172  2.078  0.797  0.3605 0.5233 0.6047   0.570
 602 |  3.172  2.078  0.797  0.3605 0.5233 0.6047   0.570
 688 |  3.172  2.078  0.797  0.3605 0.5233 0.6047   0.570
 774 |  3.172  2.078  0.797  0.3605 0.5233 0.6047   0.570
 860 |  3.172  2.078  0.797  0.3605 0.5233 0.6047   0.570
 946 |  3.172  2.078  0.797  0.3605 0.5233 0.6047   0.570
1032 |  3.172  2.078  0.797  0.3605 0.5233 0.6047   0.570
1118 |  3.172  2.078  0.797  0.3605 0.5233 0.6047   0.570
1204 |  3.172  2.078  0.797  0.3605 0.5233 0.6047   0.570
1290 |  3.172  2.078  0.797  0.3605 0.5233 0.6047   0.570
1376 |  3.172  2.078  0.797  0.3605 0.5233 0.6047   0.570
1462 |  3.172  2.078  0.797  0.3605 0.5233 0.6047   0.570
1548 |  3.172  2.078  0.797  0.3605 0.5233 0.6047   0.570
1634 |  3.172  2.078  0.797  0.3605 0.5233 0.6047   0.570
1720 |  3.172  2.078  0.797  0.3605 0.5233 0.6047   0.570
1806 |  3.172  2.078  0.797  0.3605 0.5233 0.6047   0.570
1892 |  3.172  2.078  0.797  0.3605 0.5233 0.6047   0.570
1978 |  3.172  2.078  0.797  0.3605 0.5233 0.6047   0.570
2064 |  3.172  2.078  0.797  0.3605 0.5233 0.6047   0.570
2150 |  3.172  2.078  0.797  0.3605 0.5233 0.6047   0.570
2236 |  3.172  2.078  0.797  0.3605 0.5233 0.6047   0.570
2322 |  3.172  2.078  0.797  0.3605 0.5233 0.6047   0.570
2408 |  3.172  2.078  0.797  0.3605 0.5233 0.6047   0.570
2494 |  3.172  2.078  0.797  0.3605 0.5233 0.6047   0.570
2580 |  3.172  2.078  0.797  0.3605 0.5233 0.6047   0.570
2666 |  3.172  2.078  0.797  0.3605 0.5233 0.6047   0.570
2752 |  3.172  2.078  0.797  0.3605 0.5233 0.6047   0.570
2838 |  3.172  2.078  0.797  0.3605 0.5233 0.6047   0.570
2924 |  3.172  2.078  0.797  0.3605 0.5233 0.6047   0.570
3010 |  3.172  2.078  0.797  0.3605 0.5233 0.6047   0.570
3096 |  3.172  2.078  0.797  0.3605 0.5233 0.6047   0.570
3182 |  3.172  2.078  0.797  0.3605 0.5233 0.6047   0.570
3268 |  3.172  2.078  0.797  0.3605 0.5233 0.6047   0.570
3354 |  3.172  2.078  0.797  0.3605 0.5233 0.6047   0.570
3440 |  3.172  2.078  0.797  0.3605 0.5233 0.6047   0.570
3526 |  3.172  2.078  0.797  0.3605 0.5233 0.6047   0.570
3612 |  3.172  2.078  0.797  0.3605 0.5233 0.6047   0.570
3698 |  3.172  2.078  0.797  0.3605 0.5233 0.6047   0.570
3784 |  3.172  2.078  0.797  0.3605 0.5233 0.6047   0.570
3870 |  3.172  2.078  0.797  0.3605 0.5233 0.6047   0.570
3956 |  3.172  2.078  0.797  0.3605 0.5233 0.6047   0.570
4042 |  3.172  2.078  0.797  0.3605 0.5233 0.6047   0.570
4128 |  3.172  2.078  0.797  0.3605 0.5233 0.6047   0.570
4214 |  3.172  2.078  0.797  0.3605 0.5233 0.6047   0.570
 123 |  3.172  2.078  0.797  0.3605 0.5233 0.6047   0.570
#
