# Superwater/superwater_010/3eo6_A.pdb
# Protein CA rmsd=  0.000
#  N |   RMSD    Ave    Med   f<0.5  f<1.0  f<1.5
  36 |  6.078  4.603  4.089  0.2778 0.3889 0.3889   0.484
  72 |  3.855  2.648  1.011  0.3333 0.5000 0.5556   0.565
 108 |  3.518  2.320  0.707  0.3611 0.5556 0.6111   0.558
 144 |  3.518  2.320  0.707  0.3611 0.5556 0.6111   0.558
 180 |  3.518  2.320  0.707  0.3611 0.5556 0.6111   0.558
 216 |  3.518  2.320  0.707  0.3611 0.5556 0.6111   0.558
 252 |  3.518  2.320  0.707  0.3611 0.5556 0.6111   0.558
 288 |  3.518  2.320  0.707  0.3611 0.5556 0.6111   0.558
 324 |  3.518  2.320  0.707  0.3611 0.5556 0.6111   0.558
 360 |  3.518  2.320  0.707  0.3611 0.5556 0.6111   0.558
 396 |  3.518  2.320  0.707  0.3611 0.5556 0.6111   0.558
 432 |  3.518  2.320  0.707  0.3611 0.5556 0.6111   0.558
 468 |  3.518  2.320  0.707  0.3611 0.5556 0.6111   0.558
 504 |  3.518  2.320  0.707  0.3611 0.5556 0.6111   0.558
 540 |  3.518  2.320  0.707  0.3611 0.5556 0.6111   0.558
 576 |  3.518  2.320  0.707  0.3611 0.5556 0.6111   0.558
 612 |  3.518  2.320  0.707  0.3611 0.5556 0.6111   0.558
 648 |  3.518  2.320  0.707  0.3611 0.5556 0.6111   0.558
 684 |  3.518  2.320  0.707  0.3611 0.5556 0.6111   0.558
 720 |  3.518  2.320  0.707  0.3611 0.5556 0.6111   0.558
 756 |  3.518  2.320  0.707  0.3611 0.5556 0.6111   0.558
 792 |  3.518  2.320  0.707  0.3611 0.5556 0.6111   0.558
 828 |  3.518  2.320  0.707  0.3611 0.5556 0.6111   0.558
 864 |  3.518  2.320  0.707  0.3611 0.5556 0.6111   0.558
 900 |  3.518  2.320  0.707  0.3611 0.5556 0.6111   0.558
 936 |  3.518  2.320  0.707  0.3611 0.5556 0.6111   0.558
 972 |  3.518  2.320  0.707  0.3611 0.5556 0.6111   0.558
1008 |  3.518  2.320  0.707  0.3611 0.5556 0.6111   0.558
1044 |  3.518  2.320  0.707  0.3611 0.5556 0.6111   0.558
1080 |  3.518  2.320  0.707  0.3611 0.5556 0.6111   0.558
1116 |  3.518  2.320  0.707  0.3611 0.5556 0.6111   0.558
1152 |  3.518  2.320  0.707  0.3611 0.5556 0.6111   0.558
1188 |  3.518  2.320  0.707  0.3611 0.5556 0.6111   0.558
1224 |  3.518  2.320  0.707  0.3611 0.5556 0.6111   0.558
1260 |  3.518  2.320  0.707  0.3611 0.5556 0.6111   0.558
1296 |  3.518  2.320  0.707  0.3611 0.5556 0.6111   0.558
1332 |  3.518  2.320  0.707  0.3611 0.5556 0.6111   0.558
1368 |  3.518  2.320  0.707  0.3611 0.5556 0.6111   0.558
1404 |  3.518  2.320  0.707  0.3611 0.5556 0.6111   0.558
1440 |  3.518  2.320  0.707  0.3611 0.5556 0.6111   0.558
1476 |  3.518  2.320  0.707  0.3611 0.5556 0.6111   0.558
1512 |  3.518  2.320  0.707  0.3611 0.5556 0.6111   0.558
1548 |  3.518  2.320  0.707  0.3611 0.5556 0.6111   0.558
1584 |  3.518  2.320  0.707  0.3611 0.5556 0.6111   0.558
1620 |  3.518  2.320  0.707  0.3611 0.5556 0.6111   0.558
1656 |  3.518  2.320  0.707  0.3611 0.5556 0.6111   0.558
1692 |  3.518  2.320  0.707  0.3611 0.5556 0.6111   0.558
1728 |  3.518  2.320  0.707  0.3611 0.5556 0.6111   0.558
1764 |  3.518  2.320  0.707  0.3611 0.5556 0.6111   0.558
  81 |  3.518  2.320  0.707  0.3611 0.5556 0.6111   0.558
#
