# Superwater/superwater_010/3f1l_A.pdb
# Protein CA rmsd=  0.000
#  N |   RMSD    Ave    Med   f<0.5  f<1.0  f<1.5
  87 |  5.782  4.225  3.068  0.2644 0.4368 0.4598   0.517
 174 |  3.246  1.980  0.674  0.3218 0.6092 0.6667   0.625
 261 |  3.246  1.980  0.674  0.3218 0.6092 0.6667   0.625
 348 |  3.246  1.980  0.674  0.3218 0.6092 0.6667   0.625
 435 |  3.246  1.980  0.674  0.3218 0.6092 0.6667   0.625
 522 |  3.246  1.980  0.674  0.3218 0.6092 0.6667   0.625
 609 |  3.246  1.980  0.674  0.3218 0.6092 0.6667   0.625
 696 |  3.246  1.980  0.674  0.3218 0.6092 0.6667   0.625
 783 |  3.246  1.980  0.674  0.3218 0.6092 0.6667   0.625
 870 |  3.246  1.980  0.674  0.3218 0.6092 0.6667   0.625
 957 |  3.246  1.980  0.674  0.3218 0.6092 0.6667   0.625
1044 |  3.246  1.980  0.674  0.3218 0.6092 0.6667   0.625
1131 |  3.246  1.980  0.674  0.3218 0.6092 0.6667   0.625
1218 |  3.246  1.980  0.674  0.3218 0.6092 0.6667   0.625
1305 |  3.246  1.980  0.674  0.3218 0.6092 0.6667   0.625
1392 |  3.246  1.980  0.674  0.3218 0.6092 0.6667   0.625
1479 |  3.246  1.980  0.674  0.3218 0.6092 0.6667   0.625
1566 |  3.246  1.980  0.674  0.3218 0.6092 0.6667   0.625
1653 |  3.246  1.980  0.674  0.3218 0.6092 0.6667   0.625
1740 |  3.246  1.980  0.674  0.3218 0.6092 0.6667   0.625
1827 |  3.246  1.980  0.674  0.3218 0.6092 0.6667   0.625
1914 |  3.246  1.980  0.674  0.3218 0.6092 0.6667   0.625
2001 |  3.246  1.980  0.674  0.3218 0.6092 0.6667   0.625
2088 |  3.246  1.980  0.674  0.3218 0.6092 0.6667   0.625
2175 |  3.246  1.980  0.674  0.3218 0.6092 0.6667   0.625
2262 |  3.246  1.980  0.674  0.3218 0.6092 0.6667   0.625
2349 |  3.246  1.980  0.674  0.3218 0.6092 0.6667   0.625
2436 |  3.246  1.980  0.674  0.3218 0.6092 0.6667   0.625
2523 |  3.246  1.980  0.674  0.3218 0.6092 0.6667   0.625
2610 |  3.246  1.980  0.674  0.3218 0.6092 0.6667   0.625
2697 |  3.246  1.980  0.674  0.3218 0.6092 0.6667   0.625
2784 |  3.246  1.980  0.674  0.3218 0.6092 0.6667   0.625
2871 |  3.246  1.980  0.674  0.3218 0.6092 0.6667   0.625
2958 |  3.246  1.980  0.674  0.3218 0.6092 0.6667   0.625
3045 |  3.246  1.980  0.674  0.3218 0.6092 0.6667   0.625
3132 |  3.246  1.980  0.674  0.3218 0.6092 0.6667   0.625
3219 |  3.246  1.980  0.674  0.3218 0.6092 0.6667   0.625
3306 |  3.246  1.980  0.674  0.3218 0.6092 0.6667   0.625
3393 |  3.246  1.980  0.674  0.3218 0.6092 0.6667   0.625
3480 |  3.246  1.980  0.674  0.3218 0.6092 0.6667   0.625
3567 |  3.246  1.980  0.674  0.3218 0.6092 0.6667   0.625
3654 |  3.246  1.980  0.674  0.3218 0.6092 0.6667   0.625
3741 |  3.246  1.980  0.674  0.3218 0.6092 0.6667   0.625
3828 |  3.246  1.980  0.674  0.3218 0.6092 0.6667   0.625
3915 |  3.246  1.980  0.674  0.3218 0.6092 0.6667   0.625
4002 |  3.246  1.980  0.674  0.3218 0.6092 0.6667   0.625
4089 |  3.246  1.980  0.674  0.3218 0.6092 0.6667   0.625
4176 |  3.246  1.980  0.674  0.3218 0.6092 0.6667   0.625
4263 |  3.246  1.980  0.674  0.3218 0.6092 0.6667   0.625
 169 |  3.246  1.980  0.674  0.3218 0.6092 0.6667   0.625
#
