# Superwater/superwater_010/3g46_A.pdb
# Protein CA rmsd=  0.000
#  N |   RMSD    Ave    Med   f<0.5  f<1.0  f<1.5
  56 |  5.499  4.062  3.340  0.1964 0.4107 0.4107   0.456
 112 |  3.530  2.392  0.756  0.2500 0.5714 0.5893   0.540
 168 |  3.530  2.392  0.756  0.2500 0.5714 0.5893   0.540
 224 |  3.530  2.392  0.756  0.2500 0.5714 0.5893   0.540
 280 |  3.530  2.392  0.756  0.2500 0.5714 0.5893   0.540
 336 |  3.530  2.392  0.756  0.2500 0.5714 0.5893   0.540
 392 |  3.530  2.392  0.756  0.2500 0.5714 0.5893   0.540
 448 |  3.530  2.392  0.756  0.2500 0.5714 0.5893   0.540
 504 |  3.530  2.392  0.756  0.2500 0.5714 0.5893   0.540
 560 |  3.530  2.392  0.756  0.2500 0.5714 0.5893   0.540
 616 |  3.530  2.392  0.756  0.2500 0.5714 0.5893   0.540
 672 |  3.530  2.392  0.756  0.2500 0.5714 0.5893   0.540
 728 |  3.530  2.392  0.756  0.2500 0.5714 0.5893   0.540
 784 |  3.530  2.392  0.756  0.2500 0.5714 0.5893   0.540
 840 |  3.530  2.392  0.756  0.2500 0.5714 0.5893   0.540
 896 |  3.530  2.392  0.756  0.2500 0.5714 0.5893   0.540
 952 |  3.530  2.392  0.756  0.2500 0.5714 0.5893   0.540
1008 |  3.530  2.392  0.756  0.2500 0.5714 0.5893   0.540
1064 |  3.530  2.392  0.756  0.2500 0.5714 0.5893   0.540
1120 |  3.530  2.392  0.756  0.2500 0.5714 0.5893   0.540
1176 |  3.530  2.392  0.756  0.2500 0.5714 0.5893   0.540
1232 |  3.530  2.392  0.756  0.2500 0.5714 0.5893   0.540
1288 |  3.530  2.392  0.756  0.2500 0.5714 0.5893   0.540
1344 |  3.530  2.392  0.756  0.2500 0.5714 0.5893   0.540
1400 |  3.530  2.392  0.756  0.2500 0.5714 0.5893   0.540
1456 |  3.530  2.392  0.756  0.2500 0.5714 0.5893   0.540
1512 |  3.530  2.392  0.756  0.2500 0.5714 0.5893   0.540
1568 |  3.530  2.392  0.756  0.2500 0.5714 0.5893   0.540
1624 |  3.530  2.392  0.756  0.2500 0.5714 0.5893   0.540
1680 |  3.530  2.392  0.756  0.2500 0.5714 0.5893   0.540
1736 |  3.530  2.392  0.756  0.2500 0.5714 0.5893   0.540
1792 |  3.530  2.392  0.756  0.2500 0.5714 0.5893   0.540
1848 |  3.530  2.392  0.756  0.2500 0.5714 0.5893   0.540
1904 |  3.530  2.392  0.756  0.2500 0.5714 0.5893   0.540
1960 |  3.530  2.392  0.756  0.2500 0.5714 0.5893   0.540
2016 |  3.530  2.392  0.756  0.2500 0.5714 0.5893   0.540
2072 |  3.530  2.392  0.756  0.2500 0.5714 0.5893   0.540
2128 |  3.530  2.392  0.756  0.2500 0.5714 0.5893   0.540
2184 |  3.530  2.392  0.756  0.2500 0.5714 0.5893   0.540
2240 |  3.530  2.392  0.756  0.2500 0.5714 0.5893   0.540
2296 |  3.530  2.392  0.756  0.2500 0.5714 0.5893   0.540
2352 |  3.530  2.392  0.756  0.2500 0.5714 0.5893   0.540
2408 |  3.530  2.392  0.756  0.2500 0.5714 0.5893   0.540
2464 |  3.530  2.392  0.756  0.2500 0.5714 0.5893   0.540
2520 |  3.530  2.392  0.756  0.2500 0.5714 0.5893   0.540
2576 |  3.530  2.392  0.756  0.2500 0.5714 0.5893   0.540
2632 |  3.530  2.392  0.756  0.2500 0.5714 0.5893   0.540
2688 |  3.530  2.392  0.756  0.2500 0.5714 0.5893   0.540
2744 |  3.530  2.392  0.756  0.2500 0.5714 0.5893   0.540
  89 |  3.530  2.392  0.756  0.2500 0.5714 0.5893   0.540
#
