# Superwater/superwater_010/3ip0_A.pdb
# Protein CA rmsd=  0.000
#  N |   RMSD    Ave    Med   f<0.5  f<1.0  f<1.5
  65 |  6.057  4.601  3.688  0.2615 0.3538 0.3846   0.495
 130 |  3.174  2.152  0.960  0.3692 0.5231 0.5846   0.548
 195 |  3.174  2.152  0.960  0.3692 0.5231 0.5846   0.548
 260 |  3.174  2.152  0.960  0.3692 0.5231 0.5846   0.548
 325 |  3.174  2.152  0.960  0.3692 0.5231 0.5846   0.548
 390 |  3.174  2.152  0.960  0.3692 0.5231 0.5846   0.548
 455 |  3.174  2.152  0.960  0.3692 0.5231 0.5846   0.548
 520 |  3.174  2.152  0.960  0.3692 0.5231 0.5846   0.548
 585 |  3.174  2.152  0.960  0.3692 0.5231 0.5846   0.548
 650 |  3.174  2.152  0.960  0.3692 0.5231 0.5846   0.548
 715 |  3.174  2.152  0.960  0.3692 0.5231 0.5846   0.548
 780 |  3.174  2.152  0.960  0.3692 0.5231 0.5846   0.548
 845 |  3.174  2.152  0.960  0.3692 0.5231 0.5846   0.548
 910 |  3.174  2.152  0.960  0.3692 0.5231 0.5846   0.548
 975 |  3.174  2.152  0.960  0.3692 0.5231 0.5846   0.548
1040 |  3.174  2.152  0.960  0.3692 0.5231 0.5846   0.548
1105 |  3.174  2.152  0.960  0.3692 0.5231 0.5846   0.548
1170 |  3.174  2.152  0.960  0.3692 0.5231 0.5846   0.548
1235 |  3.174  2.152  0.960  0.3692 0.5231 0.5846   0.548
1300 |  3.174  2.152  0.960  0.3692 0.5231 0.5846   0.548
1365 |  3.174  2.152  0.960  0.3692 0.5231 0.5846   0.548
1430 |  3.174  2.152  0.960  0.3692 0.5231 0.5846   0.548
1495 |  3.174  2.152  0.960  0.3692 0.5231 0.5846   0.548
1560 |  3.174  2.152  0.960  0.3692 0.5231 0.5846   0.548
1625 |  3.174  2.152  0.960  0.3692 0.5231 0.5846   0.548
1690 |  3.174  2.152  0.960  0.3692 0.5231 0.5846   0.548
1755 |  3.174  2.152  0.960  0.3692 0.5231 0.5846   0.548
1820 |  3.174  2.152  0.960  0.3692 0.5231 0.5846   0.548
1885 |  3.174  2.152  0.960  0.3692 0.5231 0.5846   0.548
1950 |  3.174  2.152  0.960  0.3692 0.5231 0.5846   0.548
2015 |  3.174  2.152  0.960  0.3692 0.5231 0.5846   0.548
2080 |  3.174  2.152  0.960  0.3692 0.5231 0.5846   0.548
2145 |  3.174  2.152  0.960  0.3692 0.5231 0.5846   0.548
2210 |  3.174  2.152  0.960  0.3692 0.5231 0.5846   0.548
2275 |  3.174  2.152  0.960  0.3692 0.5231 0.5846   0.548
2340 |  3.174  2.152  0.960  0.3692 0.5231 0.5846   0.548
2405 |  3.174  2.152  0.960  0.3692 0.5231 0.5846   0.548
2470 |  3.174  2.152  0.960  0.3692 0.5231 0.5846   0.548
2535 |  3.174  2.152  0.960  0.3692 0.5231 0.5846   0.548
2600 |  3.174  2.152  0.960  0.3692 0.5231 0.5846   0.548
2665 |  3.174  2.152  0.960  0.3692 0.5231 0.5846   0.548
2730 |  3.174  2.152  0.960  0.3692 0.5231 0.5846   0.548
2795 |  3.174  2.152  0.960  0.3692 0.5231 0.5846   0.548
2860 |  3.174  2.152  0.960  0.3692 0.5231 0.5846   0.548
2925 |  3.174  2.152  0.960  0.3692 0.5231 0.5846   0.548
2990 |  3.174  2.152  0.960  0.3692 0.5231 0.5846   0.548
3055 |  3.174  2.152  0.960  0.3692 0.5231 0.5846   0.548
3120 |  3.174  2.152  0.960  0.3692 0.5231 0.5846   0.548
3185 |  3.174  2.152  0.960  0.3692 0.5231 0.5846   0.548
 126 |  3.174  2.152  0.960  0.3692 0.5231 0.5846   0.548
#
