# Superwater/superwater_010/3jyo_A.pdb
# Protein CA rmsd=  0.000
#  N |   RMSD    Ave    Med   f<0.5  f<1.0  f<1.5
 112 |  5.640  4.062  3.051  0.3125 0.4375 0.4375   0.442
 224 |  2.869  1.809  0.679  0.3661 0.6071 0.6429   0.611
 336 |  2.869  1.809  0.679  0.3661 0.6071 0.6429   0.611
 448 |  2.869  1.809  0.679  0.3661 0.6071 0.6429   0.611
 560 |  2.869  1.809  0.679  0.3661 0.6071 0.6429   0.611
 672 |  2.869  1.809  0.679  0.3661 0.6071 0.6429   0.611
 784 |  2.869  1.809  0.679  0.3661 0.6071 0.6429   0.611
 896 |  2.869  1.809  0.679  0.3661 0.6071 0.6429   0.611
1008 |  2.869  1.809  0.679  0.3661 0.6071 0.6429   0.611
1120 |  2.869  1.809  0.679  0.3661 0.6071 0.6429   0.611
1232 |  2.869  1.809  0.679  0.3661 0.6071 0.6429   0.611
1344 |  2.869  1.809  0.679  0.3661 0.6071 0.6429   0.611
1456 |  2.869  1.809  0.679  0.3661 0.6071 0.6429   0.611
1568 |  2.869  1.809  0.679  0.3661 0.6071 0.6429   0.611
1680 |  2.869  1.809  0.679  0.3661 0.6071 0.6429   0.611
1792 |  2.869  1.809  0.679  0.3661 0.6071 0.6429   0.611
1904 |  2.869  1.809  0.679  0.3661 0.6071 0.6429   0.611
2016 |  2.869  1.809  0.679  0.3661 0.6071 0.6429   0.611
2128 |  2.869  1.809  0.679  0.3661 0.6071 0.6429   0.611
2240 |  2.869  1.809  0.679  0.3661 0.6071 0.6429   0.611
2352 |  2.869  1.809  0.679  0.3661 0.6071 0.6429   0.611
2464 |  2.869  1.809  0.679  0.3661 0.6071 0.6429   0.611
2576 |  2.869  1.809  0.679  0.3661 0.6071 0.6429   0.611
2688 |  2.869  1.809  0.679  0.3661 0.6071 0.6429   0.611
2800 |  2.869  1.809  0.679  0.3661 0.6071 0.6429   0.611
2912 |  2.869  1.809  0.679  0.3661 0.6071 0.6429   0.611
3024 |  2.869  1.809  0.679  0.3661 0.6071 0.6429   0.611
3136 |  2.869  1.809  0.679  0.3661 0.6071 0.6429   0.611
3248 |  2.869  1.809  0.679  0.3661 0.6071 0.6429   0.611
3360 |  2.869  1.809  0.679  0.3661 0.6071 0.6429   0.611
3472 |  2.869  1.809  0.679  0.3661 0.6071 0.6429   0.611
3584 |  2.869  1.809  0.679  0.3661 0.6071 0.6429   0.611
3696 |  2.869  1.809  0.679  0.3661 0.6071 0.6429   0.611
3808 |  2.869  1.809  0.679  0.3661 0.6071 0.6429   0.611
3920 |  2.869  1.809  0.679  0.3661 0.6071 0.6429   0.611
4032 |  2.869  1.809  0.679  0.3661 0.6071 0.6429   0.611
4144 |  2.869  1.809  0.679  0.3661 0.6071 0.6429   0.611
4256 |  2.869  1.809  0.679  0.3661 0.6071 0.6429   0.611
4368 |  2.869  1.809  0.679  0.3661 0.6071 0.6429   0.611
4480 |  2.869  1.809  0.679  0.3661 0.6071 0.6429   0.611
4592 |  2.869  1.809  0.679  0.3661 0.6071 0.6429   0.611
4704 |  2.869  1.809  0.679  0.3661 0.6071 0.6429   0.611
4816 |  2.869  1.809  0.679  0.3661 0.6071 0.6429   0.611
4928 |  2.869  1.809  0.679  0.3661 0.6071 0.6429   0.611
5040 |  2.869  1.809  0.679  0.3661 0.6071 0.6429   0.611
5152 |  2.869  1.809  0.679  0.3661 0.6071 0.6429   0.611
5264 |  2.869  1.809  0.679  0.3661 0.6071 0.6429   0.611
5376 |  2.869  1.809  0.679  0.3661 0.6071 0.6429   0.611
5488 |  2.869  1.809  0.679  0.3661 0.6071 0.6429   0.611
 213 |  2.869  1.809  0.679  0.3661 0.6071 0.6429   0.611
#
