# Superwater/superwater_010/3kff_A.pdb
# Protein CA rmsd=  0.000
#  N |   RMSD    Ave    Med   f<0.5  f<1.0  f<1.5
  74 |  5.816  4.240  3.196  0.2973 0.3919 0.4324   0.520
 148 |  3.672  2.452  0.983  0.3108 0.5000 0.5811   0.648
 222 |  3.672  2.452  0.983  0.3108 0.5000 0.5811   0.648
 296 |  3.672  2.452  0.983  0.3108 0.5000 0.5811   0.648
 370 |  3.672  2.452  0.983  0.3108 0.5000 0.5811   0.648
 444 |  3.672  2.452  0.983  0.3108 0.5000 0.5811   0.648
 518 |  3.672  2.452  0.983  0.3108 0.5000 0.5811   0.648
 592 |  3.672  2.452  0.983  0.3108 0.5000 0.5811   0.648
 666 |  3.672  2.452  0.983  0.3108 0.5000 0.5811   0.648
 740 |  3.672  2.452  0.983  0.3108 0.5000 0.5811   0.648
 814 |  3.672  2.452  0.983  0.3108 0.5000 0.5811   0.648
 888 |  3.672  2.452  0.983  0.3108 0.5000 0.5811   0.648
 962 |  3.672  2.452  0.983  0.3108 0.5000 0.5811   0.648
1036 |  3.672  2.452  0.983  0.3108 0.5000 0.5811   0.648
1110 |  3.672  2.452  0.983  0.3108 0.5000 0.5811   0.648
1184 |  3.672  2.452  0.983  0.3108 0.5000 0.5811   0.648
1258 |  3.672  2.452  0.983  0.3108 0.5000 0.5811   0.648
1332 |  3.672  2.452  0.983  0.3108 0.5000 0.5811   0.648
1406 |  3.672  2.452  0.983  0.3108 0.5000 0.5811   0.648
1480 |  3.672  2.452  0.983  0.3108 0.5000 0.5811   0.648
1554 |  3.672  2.452  0.983  0.3108 0.5000 0.5811   0.648
1628 |  3.672  2.452  0.983  0.3108 0.5000 0.5811   0.648
1702 |  3.672  2.452  0.983  0.3108 0.5000 0.5811   0.648
1776 |  3.672  2.452  0.983  0.3108 0.5000 0.5811   0.648
1850 |  3.672  2.452  0.983  0.3108 0.5000 0.5811   0.648
1924 |  3.672  2.452  0.983  0.3108 0.5000 0.5811   0.648
1998 |  3.672  2.452  0.983  0.3108 0.5000 0.5811   0.648
2072 |  3.672  2.452  0.983  0.3108 0.5000 0.5811   0.648
2146 |  3.672  2.452  0.983  0.3108 0.5000 0.5811   0.648
2220 |  3.672  2.452  0.983  0.3108 0.5000 0.5811   0.648
2294 |  3.672  2.452  0.983  0.3108 0.5000 0.5811   0.648
2368 |  3.672  2.452  0.983  0.3108 0.5000 0.5811   0.648
2442 |  3.672  2.452  0.983  0.3108 0.5000 0.5811   0.648
2516 |  3.672  2.452  0.983  0.3108 0.5000 0.5811   0.648
2590 |  3.672  2.452  0.983  0.3108 0.5000 0.5811   0.648
2664 |  3.672  2.452  0.983  0.3108 0.5000 0.5811   0.648
2738 |  3.672  2.452  0.983  0.3108 0.5000 0.5811   0.648
2812 |  3.672  2.452  0.983  0.3108 0.5000 0.5811   0.648
2886 |  3.672  2.452  0.983  0.3108 0.5000 0.5811   0.648
2960 |  3.672  2.452  0.983  0.3108 0.5000 0.5811   0.648
3034 |  3.672  2.452  0.983  0.3108 0.5000 0.5811   0.648
3108 |  3.672  2.452  0.983  0.3108 0.5000 0.5811   0.648
3182 |  3.672  2.452  0.983  0.3108 0.5000 0.5811   0.648
3256 |  3.672  2.452  0.983  0.3108 0.5000 0.5811   0.648
3330 |  3.672  2.452  0.983  0.3108 0.5000 0.5811   0.648
3404 |  3.672  2.452  0.983  0.3108 0.5000 0.5811   0.648
3478 |  3.672  2.452  0.983  0.3108 0.5000 0.5811   0.648
3552 |  3.672  2.452  0.983  0.3108 0.5000 0.5811   0.648
3626 |  3.672  2.452  0.983  0.3108 0.5000 0.5811   0.648
 118 |  3.672  2.452  0.983  0.3108 0.5000 0.5811   0.648
#
