# Superwater/superwater_010/3ks3_A.pdb
# Protein CA rmsd=  0.000
#  N |   RMSD    Ave    Med   f<0.5  f<1.0  f<1.5
 130 |  5.717  3.994  2.738  0.4692 0.4846 0.4846   0.253
 260 |  2.230  1.209  0.292  0.6308 0.7615 0.7769   0.347
 390 |  2.180  1.170  0.292  0.6308 0.7692 0.7846   0.350
 520 |  2.180  1.170  0.292  0.6308 0.7692 0.7846   0.350
 650 |  2.180  1.170  0.292  0.6308 0.7692 0.7846   0.350
 780 |  2.180  1.170  0.292  0.6308 0.7692 0.7846   0.350
 910 |  2.180  1.170  0.292  0.6308 0.7692 0.7846   0.350
1040 |  2.180  1.170  0.292  0.6308 0.7692 0.7846   0.350
1170 |  2.180  1.170  0.292  0.6308 0.7692 0.7846   0.350
1300 |  2.180  1.170  0.292  0.6308 0.7692 0.7846   0.350
1430 |  2.180  1.170  0.292  0.6308 0.7692 0.7846   0.350
1560 |  2.180  1.170  0.292  0.6308 0.7692 0.7846   0.350
1690 |  2.180  1.170  0.292  0.6308 0.7692 0.7846   0.350
1820 |  2.180  1.170  0.292  0.6308 0.7692 0.7846   0.350
1950 |  2.180  1.170  0.292  0.6308 0.7692 0.7846   0.350
2080 |  2.180  1.170  0.292  0.6308 0.7692 0.7846   0.350
2210 |  2.180  1.170  0.292  0.6308 0.7692 0.7846   0.350
2340 |  2.180  1.170  0.292  0.6308 0.7692 0.7846   0.350
2470 |  2.180  1.170  0.292  0.6308 0.7692 0.7846   0.350
2600 |  2.180  1.170  0.292  0.6308 0.7692 0.7846   0.350
2730 |  2.180  1.170  0.292  0.6308 0.7692 0.7846   0.350
2860 |  2.180  1.170  0.292  0.6308 0.7692 0.7846   0.350
2990 |  2.180  1.170  0.292  0.6308 0.7692 0.7846   0.350
3120 |  2.180  1.170  0.292  0.6308 0.7692 0.7846   0.350
3250 |  2.180  1.170  0.292  0.6308 0.7692 0.7846   0.350
3380 |  2.180  1.170  0.292  0.6308 0.7692 0.7846   0.350
3510 |  2.180  1.170  0.292  0.6308 0.7692 0.7846   0.350
3640 |  2.180  1.170  0.292  0.6308 0.7692 0.7846   0.350
3770 |  2.180  1.170  0.292  0.6308 0.7692 0.7846   0.350
3900 |  2.180  1.170  0.292  0.6308 0.7692 0.7846   0.350
4030 |  2.180  1.170  0.292  0.6308 0.7692 0.7846   0.350
4160 |  2.180  1.170  0.292  0.6308 0.7692 0.7846   0.350
4290 |  2.180  1.170  0.292  0.6308 0.7692 0.7846   0.350
4420 |  2.180  1.170  0.292  0.6308 0.7692 0.7846   0.350
4550 |  2.180  1.170  0.292  0.6308 0.7692 0.7846   0.350
4680 |  2.180  1.170  0.292  0.6308 0.7692 0.7846   0.350
4810 |  2.180  1.170  0.292  0.6308 0.7692 0.7846   0.350
4940 |  2.180  1.170  0.292  0.6308 0.7692 0.7846   0.350
5070 |  2.180  1.170  0.292  0.6308 0.7692 0.7846   0.350
5200 |  2.180  1.170  0.292  0.6308 0.7692 0.7846   0.350
5330 |  2.180  1.170  0.292  0.6308 0.7692 0.7846   0.350
5460 |  2.180  1.170  0.292  0.6308 0.7692 0.7846   0.350
5590 |  2.180  1.170  0.292  0.6308 0.7692 0.7846   0.350
5720 |  2.180  1.170  0.292  0.6308 0.7692 0.7846   0.350
5850 |  2.180  1.170  0.292  0.6308 0.7692 0.7846   0.350
5980 |  2.180  1.170  0.292  0.6308 0.7692 0.7846   0.350
6110 |  2.180  1.170  0.292  0.6308 0.7692 0.7846   0.350
6240 |  2.180  1.170  0.292  0.6308 0.7692 0.7846   0.350
6370 |  2.180  1.170  0.292  0.6308 0.7692 0.7846   0.350
 268 |  2.180  1.170  0.292  0.6308 0.7692 0.7846   0.350
#
