# Superwater/superwater_010/3l8w_A.pdb
# Protein CA rmsd=  0.000
#  N |   RMSD    Ave    Med   f<0.5  f<1.0  f<1.5
  92 |  6.055  4.530  4.306  0.2935 0.3804 0.4348   0.470
 184 |  3.709  2.270  0.735  0.3696 0.5761 0.6522   0.607
 276 |  3.259  1.958  0.731  0.3804 0.5978 0.6848   0.614
 368 |  3.259  1.958  0.731  0.3804 0.5978 0.6848   0.614
 460 |  3.259  1.958  0.731  0.3804 0.5978 0.6848   0.614
 552 |  3.259  1.958  0.731  0.3804 0.5978 0.6848   0.614
 644 |  3.259  1.958  0.731  0.3804 0.5978 0.6848   0.614
 736 |  3.259  1.958  0.731  0.3804 0.5978 0.6848   0.614
 828 |  3.259  1.958  0.731  0.3804 0.5978 0.6848   0.614
 920 |  3.259  1.958  0.731  0.3804 0.5978 0.6848   0.614
1012 |  3.259  1.958  0.731  0.3804 0.5978 0.6848   0.614
1104 |  3.259  1.958  0.731  0.3804 0.5978 0.6848   0.614
1196 |  3.259  1.958  0.731  0.3804 0.5978 0.6848   0.614
1288 |  3.259  1.958  0.731  0.3804 0.5978 0.6848   0.614
1380 |  3.259  1.958  0.731  0.3804 0.5978 0.6848   0.614
1472 |  3.259  1.958  0.731  0.3804 0.5978 0.6848   0.614
1564 |  3.259  1.958  0.731  0.3804 0.5978 0.6848   0.614
1656 |  3.259  1.958  0.731  0.3804 0.5978 0.6848   0.614
1748 |  3.259  1.958  0.731  0.3804 0.5978 0.6848   0.614
1840 |  3.259  1.958  0.731  0.3804 0.5978 0.6848   0.614
1932 |  3.259  1.958  0.731  0.3804 0.5978 0.6848   0.614
2024 |  3.259  1.958  0.731  0.3804 0.5978 0.6848   0.614
2116 |  3.259  1.958  0.731  0.3804 0.5978 0.6848   0.614
2208 |  3.259  1.958  0.731  0.3804 0.5978 0.6848   0.614
2300 |  3.259  1.958  0.731  0.3804 0.5978 0.6848   0.614
2392 |  3.259  1.958  0.731  0.3804 0.5978 0.6848   0.614
2484 |  3.259  1.958  0.731  0.3804 0.5978 0.6848   0.614
2576 |  3.259  1.958  0.731  0.3804 0.5978 0.6848   0.614
2668 |  3.259  1.958  0.731  0.3804 0.5978 0.6848   0.614
2760 |  3.259  1.958  0.731  0.3804 0.5978 0.6848   0.614
2852 |  3.259  1.958  0.731  0.3804 0.5978 0.6848   0.614
2944 |  3.259  1.958  0.731  0.3804 0.5978 0.6848   0.614
3036 |  3.259  1.958  0.731  0.3804 0.5978 0.6848   0.614
3128 |  3.259  1.958  0.731  0.3804 0.5978 0.6848   0.614
3220 |  3.259  1.958  0.731  0.3804 0.5978 0.6848   0.614
3312 |  3.259  1.958  0.731  0.3804 0.5978 0.6848   0.614
3404 |  3.259  1.958  0.731  0.3804 0.5978 0.6848   0.614
3496 |  3.259  1.958  0.731  0.3804 0.5978 0.6848   0.614
3588 |  3.259  1.958  0.731  0.3804 0.5978 0.6848   0.614
3680 |  3.259  1.958  0.731  0.3804 0.5978 0.6848   0.614
3772 |  3.259  1.958  0.731  0.3804 0.5978 0.6848   0.614
3864 |  3.259  1.958  0.731  0.3804 0.5978 0.6848   0.614
3956 |  3.259  1.958  0.731  0.3804 0.5978 0.6848   0.614
4048 |  3.259  1.958  0.731  0.3804 0.5978 0.6848   0.614
4140 |  3.259  1.958  0.731  0.3804 0.5978 0.6848   0.614
4232 |  3.259  1.958  0.731  0.3804 0.5978 0.6848   0.614
4324 |  3.259  1.958  0.731  0.3804 0.5978 0.6848   0.614
4416 |  3.259  1.958  0.731  0.3804 0.5978 0.6848   0.614
4508 |  3.259  1.958  0.731  0.3804 0.5978 0.6848   0.614
 208 |  3.259  1.958  0.731  0.3804 0.5978 0.6848   0.614
#
