# Superwater/superwater_010/3m5q_A.pdb
# Protein CA rmsd=  0.000
#  N |   RMSD    Ave    Med   f<0.5  f<1.0  f<1.5
 152 |  5.376  3.796  2.596  0.3289 0.4539 0.4737   0.446
 304 |  2.351  1.519  0.672  0.3684 0.6382 0.7171   0.597
 456 |  2.351  1.519  0.672  0.3684 0.6382 0.7171   0.597
 608 |  2.351  1.519  0.672  0.3684 0.6382 0.7171   0.597
 760 |  2.351  1.519  0.672  0.3684 0.6382 0.7171   0.597
 912 |  2.351  1.519  0.672  0.3684 0.6382 0.7171   0.597
1064 |  2.351  1.519  0.672  0.3684 0.6382 0.7171   0.597
1216 |  2.351  1.519  0.672  0.3684 0.6382 0.7171   0.597
1368 |  2.351  1.519  0.672  0.3684 0.6382 0.7171   0.597
1520 |  2.351  1.519  0.672  0.3684 0.6382 0.7171   0.597
1672 |  2.351  1.519  0.672  0.3684 0.6382 0.7171   0.597
1824 |  2.351  1.519  0.672  0.3684 0.6382 0.7171   0.597
1976 |  2.351  1.519  0.672  0.3684 0.6382 0.7171   0.597
2128 |  2.351  1.519  0.672  0.3684 0.6382 0.7171   0.597
2280 |  2.351  1.519  0.672  0.3684 0.6382 0.7171   0.597
2432 |  2.351  1.519  0.672  0.3684 0.6382 0.7171   0.597
2584 |  2.351  1.519  0.672  0.3684 0.6382 0.7171   0.597
2736 |  2.351  1.519  0.672  0.3684 0.6382 0.7171   0.597
2888 |  2.351  1.519  0.672  0.3684 0.6382 0.7171   0.597
3040 |  2.351  1.519  0.672  0.3684 0.6382 0.7171   0.597
3192 |  2.351  1.519  0.672  0.3684 0.6382 0.7171   0.597
3344 |  2.351  1.519  0.672  0.3684 0.6382 0.7171   0.597
3496 |  2.351  1.519  0.672  0.3684 0.6382 0.7171   0.597
3648 |  2.351  1.519  0.672  0.3684 0.6382 0.7171   0.597
3800 |  2.351  1.519  0.672  0.3684 0.6382 0.7171   0.597
3952 |  2.351  1.519  0.672  0.3684 0.6382 0.7171   0.597
4104 |  2.351  1.519  0.672  0.3684 0.6382 0.7171   0.597
4256 |  2.351  1.519  0.672  0.3684 0.6382 0.7171   0.597
4408 |  2.351  1.519  0.672  0.3684 0.6382 0.7171   0.597
4560 |  2.351  1.519  0.672  0.3684 0.6382 0.7171   0.597
4712 |  2.351  1.519  0.672  0.3684 0.6382 0.7171   0.597
4864 |  2.351  1.519  0.672  0.3684 0.6382 0.7171   0.597
5016 |  2.351  1.519  0.672  0.3684 0.6382 0.7171   0.597
5168 |  2.351  1.519  0.672  0.3684 0.6382 0.7171   0.597
5320 |  2.351  1.519  0.672  0.3684 0.6382 0.7171   0.597
5472 |  2.351  1.519  0.672  0.3684 0.6382 0.7171   0.597
5624 |  2.351  1.519  0.672  0.3684 0.6382 0.7171   0.597
5776 |  2.351  1.519  0.672  0.3684 0.6382 0.7171   0.597
5928 |  2.351  1.519  0.672  0.3684 0.6382 0.7171   0.597
6080 |  2.351  1.519  0.672  0.3684 0.6382 0.7171   0.597
6232 |  2.351  1.519  0.672  0.3684 0.6382 0.7171   0.597
6384 |  2.351  1.519  0.672  0.3684 0.6382 0.7171   0.597
6536 |  2.351  1.519  0.672  0.3684 0.6382 0.7171   0.597
6688 |  2.351  1.519  0.672  0.3684 0.6382 0.7171   0.597
6840 |  2.351  1.519  0.672  0.3684 0.6382 0.7171   0.597
6992 |  2.351  1.519  0.672  0.3684 0.6382 0.7171   0.597
7144 |  2.351  1.519  0.672  0.3684 0.6382 0.7171   0.597
7296 |  2.351  1.519  0.672  0.3684 0.6382 0.7171   0.597
7448 |  2.351  1.519  0.672  0.3684 0.6382 0.7171   0.597
 301 |  2.351  1.519  0.672  0.3684 0.6382 0.7171   0.597
#
