# Superwater/superwater_010/3noq_A.pdb
# Protein CA rmsd=  0.000
#  N |   RMSD    Ave    Med   f<0.5  f<1.0  f<1.5
  59 |  5.969  4.322  2.914  0.3729 0.4576 0.4576   0.315
 118 |  3.797  2.318  0.591  0.4576 0.5932 0.6441   0.413
 177 |  2.665  1.520  0.588  0.4746 0.7119 0.7627   0.456
 236 |  2.665  1.520  0.588  0.4746 0.7119 0.7627   0.456
 295 |  2.665  1.520  0.588  0.4746 0.7119 0.7627   0.456
 354 |  2.665  1.520  0.588  0.4746 0.7119 0.7627   0.456
 413 |  2.665  1.520  0.588  0.4746 0.7119 0.7627   0.456
 472 |  2.665  1.520  0.588  0.4746 0.7119 0.7627   0.456
 531 |  2.665  1.520  0.588  0.4746 0.7119 0.7627   0.456
 590 |  2.665  1.520  0.588  0.4746 0.7119 0.7627   0.456
 649 |  2.665  1.520  0.588  0.4746 0.7119 0.7627   0.456
 708 |  2.665  1.520  0.588  0.4746 0.7119 0.7627   0.456
 767 |  2.665  1.520  0.588  0.4746 0.7119 0.7627   0.456
 826 |  2.665  1.520  0.588  0.4746 0.7119 0.7627   0.456
 885 |  2.665  1.520  0.588  0.4746 0.7119 0.7627   0.456
 944 |  2.665  1.520  0.588  0.4746 0.7119 0.7627   0.456
1003 |  2.665  1.520  0.588  0.4746 0.7119 0.7627   0.456
1062 |  2.665  1.520  0.588  0.4746 0.7119 0.7627   0.456
1121 |  2.665  1.520  0.588  0.4746 0.7119 0.7627   0.456
1180 |  2.665  1.520  0.588  0.4746 0.7119 0.7627   0.456
1239 |  2.665  1.520  0.588  0.4746 0.7119 0.7627   0.456
1298 |  2.665  1.520  0.588  0.4746 0.7119 0.7627   0.456
1357 |  2.665  1.520  0.588  0.4746 0.7119 0.7627   0.456
1416 |  2.665  1.520  0.588  0.4746 0.7119 0.7627   0.456
1475 |  2.665  1.520  0.588  0.4746 0.7119 0.7627   0.456
1534 |  2.665  1.520  0.588  0.4746 0.7119 0.7627   0.456
1593 |  2.665  1.520  0.588  0.4746 0.7119 0.7627   0.456
1652 |  2.665  1.520  0.588  0.4746 0.7119 0.7627   0.456
1711 |  2.665  1.520  0.588  0.4746 0.7119 0.7627   0.456
1770 |  2.665  1.520  0.588  0.4746 0.7119 0.7627   0.456
1829 |  2.665  1.520  0.588  0.4746 0.7119 0.7627   0.456
1888 |  2.665  1.520  0.588  0.4746 0.7119 0.7627   0.456
1947 |  2.665  1.520  0.588  0.4746 0.7119 0.7627   0.456
2006 |  2.665  1.520  0.588  0.4746 0.7119 0.7627   0.456
2065 |  2.665  1.520  0.588  0.4746 0.7119 0.7627   0.456
2124 |  2.665  1.520  0.588  0.4746 0.7119 0.7627   0.456
2183 |  2.665  1.520  0.588  0.4746 0.7119 0.7627   0.456
2242 |  2.665  1.520  0.588  0.4746 0.7119 0.7627   0.456
2301 |  2.665  1.520  0.588  0.4746 0.7119 0.7627   0.456
2360 |  2.665  1.520  0.588  0.4746 0.7119 0.7627   0.456
2419 |  2.665  1.520  0.588  0.4746 0.7119 0.7627   0.456
2478 |  2.665  1.520  0.588  0.4746 0.7119 0.7627   0.456
2537 |  2.665  1.520  0.588  0.4746 0.7119 0.7627   0.456
2596 |  2.665  1.520  0.588  0.4746 0.7119 0.7627   0.456
2655 |  2.665  1.520  0.588  0.4746 0.7119 0.7627   0.456
2714 |  2.665  1.520  0.588  0.4746 0.7119 0.7627   0.456
2773 |  2.665  1.520  0.588  0.4746 0.7119 0.7627   0.456
2832 |  2.665  1.520  0.588  0.4746 0.7119 0.7627   0.456
2891 |  2.665  1.520  0.588  0.4746 0.7119 0.7627   0.456
 143 |  2.665  1.520  0.588  0.4746 0.7119 0.7627   0.456
#
