# Superwater/superwater_010/3ql9_A.pdb
# Protein CA rmsd=  0.000
#  N |   RMSD    Ave    Med   f<0.5  f<1.0  f<1.5
  54 |  5.524  4.153  3.332  0.2593 0.2963 0.3889   0.676
 108 |  3.223  2.168  0.938  0.2963 0.5000 0.5926   0.715
 162 |  3.223  2.168  0.938  0.2963 0.5000 0.5926   0.715
 216 |  3.223  2.168  0.938  0.2963 0.5000 0.5926   0.715
 270 |  3.223  2.168  0.938  0.2963 0.5000 0.5926   0.715
 324 |  3.223  2.168  0.938  0.2963 0.5000 0.5926   0.715
 378 |  3.223  2.168  0.938  0.2963 0.5000 0.5926   0.715
 432 |  3.223  2.168  0.938  0.2963 0.5000 0.5926   0.715
 486 |  3.223  2.168  0.938  0.2963 0.5000 0.5926   0.715
 540 |  3.223  2.168  0.938  0.2963 0.5000 0.5926   0.715
 594 |  3.223  2.168  0.938  0.2963 0.5000 0.5926   0.715
 648 |  3.223  2.168  0.938  0.2963 0.5000 0.5926   0.715
 702 |  3.223  2.168  0.938  0.2963 0.5000 0.5926   0.715
 756 |  3.223  2.168  0.938  0.2963 0.5000 0.5926   0.715
 810 |  3.223  2.168  0.938  0.2963 0.5000 0.5926   0.715
 864 |  3.223  2.168  0.938  0.2963 0.5000 0.5926   0.715
 918 |  3.223  2.168  0.938  0.2963 0.5000 0.5926   0.715
 972 |  3.223  2.168  0.938  0.2963 0.5000 0.5926   0.715
1026 |  3.223  2.168  0.938  0.2963 0.5000 0.5926   0.715
1080 |  3.223  2.168  0.938  0.2963 0.5000 0.5926   0.715
1134 |  3.223  2.168  0.938  0.2963 0.5000 0.5926   0.715
1188 |  3.223  2.168  0.938  0.2963 0.5000 0.5926   0.715
1242 |  3.223  2.168  0.938  0.2963 0.5000 0.5926   0.715
1296 |  3.223  2.168  0.938  0.2963 0.5000 0.5926   0.715
1350 |  3.223  2.168  0.938  0.2963 0.5000 0.5926   0.715
1404 |  3.223  2.168  0.938  0.2963 0.5000 0.5926   0.715
1458 |  3.223  2.168  0.938  0.2963 0.5000 0.5926   0.715
1512 |  3.223  2.168  0.938  0.2963 0.5000 0.5926   0.715
1566 |  3.223  2.168  0.938  0.2963 0.5000 0.5926   0.715
1620 |  3.223  2.168  0.938  0.2963 0.5000 0.5926   0.715
1674 |  3.223  2.168  0.938  0.2963 0.5000 0.5926   0.715
1728 |  3.223  2.168  0.938  0.2963 0.5000 0.5926   0.715
1782 |  3.223  2.168  0.938  0.2963 0.5000 0.5926   0.715
1836 |  3.223  2.168  0.938  0.2963 0.5000 0.5926   0.715
1890 |  3.223  2.168  0.938  0.2963 0.5000 0.5926   0.715
1944 |  3.223  2.168  0.938  0.2963 0.5000 0.5926   0.715
1998 |  3.223  2.168  0.938  0.2963 0.5000 0.5926   0.715
2052 |  3.223  2.168  0.938  0.2963 0.5000 0.5926   0.715
2106 |  3.223  2.168  0.938  0.2963 0.5000 0.5926   0.715
2160 |  3.223  2.168  0.938  0.2963 0.5000 0.5926   0.715
2214 |  3.223  2.168  0.938  0.2963 0.5000 0.5926   0.715
2268 |  3.223  2.168  0.938  0.2963 0.5000 0.5926   0.715
2322 |  3.223  2.168  0.938  0.2963 0.5000 0.5926   0.715
2376 |  3.223  2.168  0.938  0.2963 0.5000 0.5926   0.715
2430 |  3.223  2.168  0.938  0.2963 0.5000 0.5926   0.715
2484 |  3.223  2.168  0.938  0.2963 0.5000 0.5926   0.715
2538 |  3.223  2.168  0.938  0.2963 0.5000 0.5926   0.715
2592 |  3.223  2.168  0.938  0.2963 0.5000 0.5926   0.715
2646 |  3.223  2.168  0.938  0.2963 0.5000 0.5926   0.715
 105 |  3.223  2.168  0.938  0.2963 0.5000 0.5926   0.715
#
