# Superwater/superwater_010/3qpa_A.pdb
# Protein CA rmsd=  0.000
#  N |   RMSD    Ave    Med   f<0.5  f<1.0  f<1.5
  73 |  5.844  4.228  3.194  0.3151 0.4521 0.4658   0.422
 146 |  2.733  1.708  0.663  0.3836 0.6301 0.6849   0.592
 219 |  2.733  1.708  0.663  0.3836 0.6301 0.6849   0.592
 292 |  2.733  1.708  0.663  0.3836 0.6301 0.6849   0.592
 365 |  2.733  1.708  0.663  0.3836 0.6301 0.6849   0.592
 438 |  2.733  1.708  0.663  0.3836 0.6301 0.6849   0.592
 511 |  2.733  1.708  0.663  0.3836 0.6301 0.6849   0.592
 584 |  2.733  1.708  0.663  0.3836 0.6301 0.6849   0.592
 657 |  2.733  1.708  0.663  0.3836 0.6301 0.6849   0.592
 730 |  2.733  1.708  0.663  0.3836 0.6301 0.6849   0.592
 803 |  2.733  1.708  0.663  0.3836 0.6301 0.6849   0.592
 876 |  2.733  1.708  0.663  0.3836 0.6301 0.6849   0.592
 949 |  2.733  1.708  0.663  0.3836 0.6301 0.6849   0.592
1022 |  2.733  1.708  0.663  0.3836 0.6301 0.6849   0.592
1095 |  2.733  1.708  0.663  0.3836 0.6301 0.6849   0.592
1168 |  2.733  1.708  0.663  0.3836 0.6301 0.6849   0.592
1241 |  2.733  1.708  0.663  0.3836 0.6301 0.6849   0.592
1314 |  2.733  1.708  0.663  0.3836 0.6301 0.6849   0.592
1387 |  2.733  1.708  0.663  0.3836 0.6301 0.6849   0.592
1460 |  2.733  1.708  0.663  0.3836 0.6301 0.6849   0.592
1533 |  2.733  1.708  0.663  0.3836 0.6301 0.6849   0.592
1606 |  2.733  1.708  0.663  0.3836 0.6301 0.6849   0.592
1679 |  2.733  1.708  0.663  0.3836 0.6301 0.6849   0.592
1752 |  2.733  1.708  0.663  0.3836 0.6301 0.6849   0.592
1825 |  2.733  1.708  0.663  0.3836 0.6301 0.6849   0.592
1898 |  2.733  1.708  0.663  0.3836 0.6301 0.6849   0.592
1971 |  2.733  1.708  0.663  0.3836 0.6301 0.6849   0.592
2044 |  2.733  1.708  0.663  0.3836 0.6301 0.6849   0.592
2117 |  2.733  1.708  0.663  0.3836 0.6301 0.6849   0.592
2190 |  2.733  1.708  0.663  0.3836 0.6301 0.6849   0.592
2263 |  2.733  1.708  0.663  0.3836 0.6301 0.6849   0.592
2336 |  2.733  1.708  0.663  0.3836 0.6301 0.6849   0.592
2409 |  2.733  1.708  0.663  0.3836 0.6301 0.6849   0.592
2482 |  2.733  1.708  0.663  0.3836 0.6301 0.6849   0.592
2555 |  2.733  1.708  0.663  0.3836 0.6301 0.6849   0.592
2628 |  2.733  1.708  0.663  0.3836 0.6301 0.6849   0.592
2701 |  2.733  1.708  0.663  0.3836 0.6301 0.6849   0.592
2774 |  2.733  1.708  0.663  0.3836 0.6301 0.6849   0.592
2847 |  2.733  1.708  0.663  0.3836 0.6301 0.6849   0.592
2920 |  2.733  1.708  0.663  0.3836 0.6301 0.6849   0.592
2993 |  2.733  1.708  0.663  0.3836 0.6301 0.6849   0.592
3066 |  2.733  1.708  0.663  0.3836 0.6301 0.6849   0.592
3139 |  2.733  1.708  0.663  0.3836 0.6301 0.6849   0.592
3212 |  2.733  1.708  0.663  0.3836 0.6301 0.6849   0.592
3285 |  2.733  1.708  0.663  0.3836 0.6301 0.6849   0.592
3358 |  2.733  1.708  0.663  0.3836 0.6301 0.6849   0.592
3431 |  2.733  1.708  0.663  0.3836 0.6301 0.6849   0.592
3504 |  2.733  1.708  0.663  0.3836 0.6301 0.6849   0.592
3577 |  2.733  1.708  0.663  0.3836 0.6301 0.6849   0.592
 150 |  2.733  1.708  0.663  0.3836 0.6301 0.6849   0.592
#
