# Superwater/superwater_010/3qr7_A.pdb
# Protein CA rmsd=  0.000
#  N |   RMSD    Ave    Med   f<0.5  f<1.0  f<1.5
  20 |  7.226  6.118  6.968  0.1500 0.2000 0.2500   0.478
  40 |  6.292  5.156  4.985  0.1500 0.2500 0.3000   0.559
  60 |  6.292  5.156  4.985  0.1500 0.2500 0.3000   0.559
  80 |  6.292  5.156  4.985  0.1500 0.2500 0.3000   0.559
 100 |  6.292  5.156  4.985  0.1500 0.2500 0.3000   0.559
 120 |  6.292  5.156  4.985  0.1500 0.2500 0.3000   0.559
 140 |  6.292  5.156  4.985  0.1500 0.2500 0.3000   0.559
 160 |  6.292  5.156  4.985  0.1500 0.2500 0.3000   0.559
 180 |  6.292  5.156  4.985  0.1500 0.2500 0.3000   0.559
 200 |  6.292  5.156  4.985  0.1500 0.2500 0.3000   0.559
 220 |  6.292  5.156  4.985  0.1500 0.2500 0.3000   0.559
 240 |  6.292  5.156  4.985  0.1500 0.2500 0.3000   0.559
 260 |  6.292  5.156  4.985  0.1500 0.2500 0.3000   0.559
 280 |  6.292  5.156  4.985  0.1500 0.2500 0.3000   0.559
 300 |  6.292  5.156  4.985  0.1500 0.2500 0.3000   0.559
 320 |  6.292  5.156  4.985  0.1500 0.2500 0.3000   0.559
 340 |  6.292  5.156  4.985  0.1500 0.2500 0.3000   0.559
 360 |  6.292  5.156  4.985  0.1500 0.2500 0.3000   0.559
 380 |  6.292  5.156  4.985  0.1500 0.2500 0.3000   0.559
 400 |  6.292  5.156  4.985  0.1500 0.2500 0.3000   0.559
 420 |  6.292  5.156  4.985  0.1500 0.2500 0.3000   0.559
 440 |  6.292  5.156  4.985  0.1500 0.2500 0.3000   0.559
 460 |  6.292  5.156  4.985  0.1500 0.2500 0.3000   0.559
 480 |  6.292  5.156  4.985  0.1500 0.2500 0.3000   0.559
 500 |  6.292  5.156  4.985  0.1500 0.2500 0.3000   0.559
 520 |  6.292  5.156  4.985  0.1500 0.2500 0.3000   0.559
 540 |  6.292  5.156  4.985  0.1500 0.2500 0.3000   0.559
 560 |  6.292  5.156  4.985  0.1500 0.2500 0.3000   0.559
 580 |  6.292  5.156  4.985  0.1500 0.2500 0.3000   0.559
 600 |  6.292  5.156  4.985  0.1500 0.2500 0.3000   0.559
 620 |  6.292  5.156  4.985  0.1500 0.2500 0.3000   0.559
 640 |  6.292  5.156  4.985  0.1500 0.2500 0.3000   0.559
 660 |  6.292  5.156  4.985  0.1500 0.2500 0.3000   0.559
 680 |  6.292  5.156  4.985  0.1500 0.2500 0.3000   0.559
 700 |  6.292  5.156  4.985  0.1500 0.2500 0.3000   0.559
 720 |  6.292  5.156  4.985  0.1500 0.2500 0.3000   0.559
 740 |  6.292  5.156  4.985  0.1500 0.2500 0.3000   0.559
 760 |  6.292  5.156  4.985  0.1500 0.2500 0.3000   0.559
 780 |  6.292  5.156  4.985  0.1500 0.2500 0.3000   0.559
 800 |  6.292  5.156  4.985  0.1500 0.2500 0.3000   0.559
 820 |  6.292  5.156  4.985  0.1500 0.2500 0.3000   0.559
 840 |  6.292  5.156  4.985  0.1500 0.2500 0.3000   0.559
 860 |  6.292  5.156  4.985  0.1500 0.2500 0.3000   0.559
 880 |  6.292  5.156  4.985  0.1500 0.2500 0.3000   0.559
 900 |  6.292  5.156  4.985  0.1500 0.2500 0.3000   0.559
 920 |  6.292  5.156  4.985  0.1500 0.2500 0.3000   0.559
 940 |  6.292  5.156  4.985  0.1500 0.2500 0.3000   0.559
 960 |  6.292  5.156  4.985  0.1500 0.2500 0.3000   0.559
 980 |  6.292  5.156  4.985  0.1500 0.2500 0.3000   0.559
  35 |  6.292  5.156  4.985  0.1500 0.2500 0.3000   0.559
#
