# Superwater/superwater_010/3rwn_A.pdb
# Protein CA rmsd=  0.000
#  N |   RMSD    Ave    Med   f<0.5  f<1.0  f<1.5
  58 |  6.308  5.133  4.952  0.1552 0.2759 0.2931   0.499
 116 |  4.145  2.953  1.601  0.1897 0.4483 0.4828   0.671
 174 |  3.445  2.286  0.835  0.2069 0.5517 0.5862   0.676
 232 |  3.445  2.286  0.835  0.2069 0.5517 0.5862   0.676
 290 |  3.445  2.286  0.835  0.2069 0.5517 0.5862   0.676
 348 |  3.445  2.286  0.835  0.2069 0.5517 0.5862   0.676
 406 |  3.445  2.286  0.835  0.2069 0.5517 0.5862   0.676
 464 |  3.445  2.286  0.835  0.2069 0.5517 0.5862   0.676
 522 |  3.445  2.286  0.835  0.2069 0.5517 0.5862   0.676
 580 |  3.445  2.286  0.835  0.2069 0.5517 0.5862   0.676
 638 |  3.445  2.286  0.835  0.2069 0.5517 0.5862   0.676
 696 |  3.445  2.286  0.835  0.2069 0.5517 0.5862   0.676
 754 |  3.445  2.286  0.835  0.2069 0.5517 0.5862   0.676
 812 |  3.445  2.286  0.835  0.2069 0.5517 0.5862   0.676
 870 |  3.445  2.286  0.835  0.2069 0.5517 0.5862   0.676
 928 |  3.445  2.286  0.835  0.2069 0.5517 0.5862   0.676
 986 |  3.445  2.286  0.835  0.2069 0.5517 0.5862   0.676
1044 |  3.445  2.286  0.835  0.2069 0.5517 0.5862   0.676
1102 |  3.445  2.286  0.835  0.2069 0.5517 0.5862   0.676
1160 |  3.445  2.286  0.835  0.2069 0.5517 0.5862   0.676
1218 |  3.445  2.286  0.835  0.2069 0.5517 0.5862   0.676
1276 |  3.445  2.286  0.835  0.2069 0.5517 0.5862   0.676
1334 |  3.445  2.286  0.835  0.2069 0.5517 0.5862   0.676
1392 |  3.445  2.286  0.835  0.2069 0.5517 0.5862   0.676
1450 |  3.445  2.286  0.835  0.2069 0.5517 0.5862   0.676
1508 |  3.445  2.286  0.835  0.2069 0.5517 0.5862   0.676
1566 |  3.445  2.286  0.835  0.2069 0.5517 0.5862   0.676
1624 |  3.445  2.286  0.835  0.2069 0.5517 0.5862   0.676
1682 |  3.445  2.286  0.835  0.2069 0.5517 0.5862   0.676
1740 |  3.445  2.286  0.835  0.2069 0.5517 0.5862   0.676
1798 |  3.445  2.286  0.835  0.2069 0.5517 0.5862   0.676
1856 |  3.445  2.286  0.835  0.2069 0.5517 0.5862   0.676
1914 |  3.445  2.286  0.835  0.2069 0.5517 0.5862   0.676
1972 |  3.445  2.286  0.835  0.2069 0.5517 0.5862   0.676
2030 |  3.445  2.286  0.835  0.2069 0.5517 0.5862   0.676
2088 |  3.445  2.286  0.835  0.2069 0.5517 0.5862   0.676
2146 |  3.445  2.286  0.835  0.2069 0.5517 0.5862   0.676
2204 |  3.445  2.286  0.835  0.2069 0.5517 0.5862   0.676
2262 |  3.445  2.286  0.835  0.2069 0.5517 0.5862   0.676
2320 |  3.445  2.286  0.835  0.2069 0.5517 0.5862   0.676
2378 |  3.445  2.286  0.835  0.2069 0.5517 0.5862   0.676
2436 |  3.445  2.286  0.835  0.2069 0.5517 0.5862   0.676
2494 |  3.445  2.286  0.835  0.2069 0.5517 0.5862   0.676
2552 |  3.445  2.286  0.835  0.2069 0.5517 0.5862   0.676
2610 |  3.445  2.286  0.835  0.2069 0.5517 0.5862   0.676
2668 |  3.445  2.286  0.835  0.2069 0.5517 0.5862   0.676
2726 |  3.445  2.286  0.835  0.2069 0.5517 0.5862   0.676
2784 |  3.445  2.286  0.835  0.2069 0.5517 0.5862   0.676
2842 |  3.445  2.286  0.835  0.2069 0.5517 0.5862   0.676
 136 |  3.445  2.286  0.835  0.2069 0.5517 0.5862   0.676
#
