# Superwater/superwater_010/3soj_A.pdb
# Protein CA rmsd=  0.000
#  N |   RMSD    Ave    Med   f<0.5  f<1.0  f<1.5
  41 |  5.721  4.453  4.138  0.1463 0.2927 0.3902   0.708
  82 |  3.701  2.510  1.152  0.2195 0.4146 0.5610   0.835
 123 |  3.701  2.510  1.152  0.2195 0.4146 0.5610   0.835
 164 |  3.701  2.510  1.152  0.2195 0.4146 0.5610   0.835
 205 |  3.701  2.510  1.152  0.2195 0.4146 0.5610   0.835
 246 |  3.701  2.510  1.152  0.2195 0.4146 0.5610   0.835
 287 |  3.701  2.510  1.152  0.2195 0.4146 0.5610   0.835
 328 |  3.701  2.510  1.152  0.2195 0.4146 0.5610   0.835
 369 |  3.701  2.510  1.152  0.2195 0.4146 0.5610   0.835
 410 |  3.701  2.510  1.152  0.2195 0.4146 0.5610   0.835
 451 |  3.701  2.510  1.152  0.2195 0.4146 0.5610   0.835
 492 |  3.701  2.510  1.152  0.2195 0.4146 0.5610   0.835
 533 |  3.701  2.510  1.152  0.2195 0.4146 0.5610   0.835
 574 |  3.701  2.510  1.152  0.2195 0.4146 0.5610   0.835
 615 |  3.701  2.510  1.152  0.2195 0.4146 0.5610   0.835
 656 |  3.701  2.510  1.152  0.2195 0.4146 0.5610   0.835
 697 |  3.701  2.510  1.152  0.2195 0.4146 0.5610   0.835
 738 |  3.701  2.510  1.152  0.2195 0.4146 0.5610   0.835
 779 |  3.701  2.510  1.152  0.2195 0.4146 0.5610   0.835
 820 |  3.701  2.510  1.152  0.2195 0.4146 0.5610   0.835
 861 |  3.701  2.510  1.152  0.2195 0.4146 0.5610   0.835
 902 |  3.701  2.510  1.152  0.2195 0.4146 0.5610   0.835
 943 |  3.701  2.510  1.152  0.2195 0.4146 0.5610   0.835
 984 |  3.701  2.510  1.152  0.2195 0.4146 0.5610   0.835
1025 |  3.701  2.510  1.152  0.2195 0.4146 0.5610   0.835
1066 |  3.701  2.510  1.152  0.2195 0.4146 0.5610   0.835
1107 |  3.701  2.510  1.152  0.2195 0.4146 0.5610   0.835
1148 |  3.701  2.510  1.152  0.2195 0.4146 0.5610   0.835
1189 |  3.701  2.510  1.152  0.2195 0.4146 0.5610   0.835
1230 |  3.701  2.510  1.152  0.2195 0.4146 0.5610   0.835
1271 |  3.701  2.510  1.152  0.2195 0.4146 0.5610   0.835
1312 |  3.701  2.510  1.152  0.2195 0.4146 0.5610   0.835
1353 |  3.701  2.510  1.152  0.2195 0.4146 0.5610   0.835
1394 |  3.701  2.510  1.152  0.2195 0.4146 0.5610   0.835
1435 |  3.701  2.510  1.152  0.2195 0.4146 0.5610   0.835
1476 |  3.701  2.510  1.152  0.2195 0.4146 0.5610   0.835
1517 |  3.701  2.510  1.152  0.2195 0.4146 0.5610   0.835
1558 |  3.701  2.510  1.152  0.2195 0.4146 0.5610   0.835
1599 |  3.701  2.510  1.152  0.2195 0.4146 0.5610   0.835
1640 |  3.701  2.510  1.152  0.2195 0.4146 0.5610   0.835
1681 |  3.701  2.510  1.152  0.2195 0.4146 0.5610   0.835
1722 |  3.701  2.510  1.152  0.2195 0.4146 0.5610   0.835
1763 |  3.701  2.510  1.152  0.2195 0.4146 0.5610   0.835
1804 |  3.701  2.510  1.152  0.2195 0.4146 0.5610   0.835
1845 |  3.701  2.510  1.152  0.2195 0.4146 0.5610   0.835
1886 |  3.701  2.510  1.152  0.2195 0.4146 0.5610   0.835
1927 |  3.701  2.510  1.152  0.2195 0.4146 0.5610   0.835
1968 |  3.701  2.510  1.152  0.2195 0.4146 0.5610   0.835
2009 |  3.701  2.510  1.152  0.2195 0.4146 0.5610   0.835
  75 |  3.701  2.510  1.152  0.2195 0.4146 0.5610   0.835
#
