# Superwater/superwater_010/3vii_A.pdb
# Protein CA rmsd=  0.000
#  N |   RMSD    Ave    Med   f<0.5  f<1.0  f<1.5
 197 |  5.400  3.875  2.827  0.2995 0.4315 0.4518   0.506
 394 |  2.685  1.683  0.601  0.3909 0.6244 0.6904   0.580
 591 |  2.685  1.683  0.601  0.3909 0.6244 0.6904   0.580
 788 |  2.685  1.683  0.601  0.3909 0.6244 0.6904   0.580
 985 |  2.685  1.683  0.601  0.3909 0.6244 0.6904   0.580
1182 |  2.685  1.683  0.601  0.3909 0.6244 0.6904   0.580
1379 |  2.685  1.683  0.601  0.3909 0.6244 0.6904   0.580
1576 |  2.685  1.683  0.601  0.3909 0.6244 0.6904   0.580
1773 |  2.685  1.683  0.601  0.3909 0.6244 0.6904   0.580
1970 |  2.685  1.683  0.601  0.3909 0.6244 0.6904   0.580
2167 |  2.685  1.683  0.601  0.3909 0.6244 0.6904   0.580
2364 |  2.685  1.683  0.601  0.3909 0.6244 0.6904   0.580
2561 |  2.685  1.683  0.601  0.3909 0.6244 0.6904   0.580
2758 |  2.685  1.683  0.601  0.3909 0.6244 0.6904   0.580
2955 |  2.685  1.683  0.601  0.3909 0.6244 0.6904   0.580
3152 |  2.685  1.683  0.601  0.3909 0.6244 0.6904   0.580
3349 |  2.685  1.683  0.601  0.3909 0.6244 0.6904   0.580
3546 |  2.685  1.683  0.601  0.3909 0.6244 0.6904   0.580
3743 |  2.685  1.683  0.601  0.3909 0.6244 0.6904   0.580
3940 |  2.685  1.683  0.601  0.3909 0.6244 0.6904   0.580
4137 |  2.685  1.683  0.601  0.3909 0.6244 0.6904   0.580
4334 |  2.685  1.683  0.601  0.3909 0.6244 0.6904   0.580
4531 |  2.685  1.683  0.601  0.3909 0.6244 0.6904   0.580
4728 |  2.685  1.683  0.601  0.3909 0.6244 0.6904   0.580
4925 |  2.685  1.683  0.601  0.3909 0.6244 0.6904   0.580
5122 |  2.685  1.683  0.601  0.3909 0.6244 0.6904   0.580
5319 |  2.685  1.683  0.601  0.3909 0.6244 0.6904   0.580
5516 |  2.685  1.683  0.601  0.3909 0.6244 0.6904   0.580
5713 |  2.685  1.683  0.601  0.3909 0.6244 0.6904   0.580
5910 |  2.685  1.683  0.601  0.3909 0.6244 0.6904   0.580
6107 |  2.685  1.683  0.601  0.3909 0.6244 0.6904   0.580
6304 |  2.685  1.683  0.601  0.3909 0.6244 0.6904   0.580
6501 |  2.685  1.683  0.601  0.3909 0.6244 0.6904   0.580
6698 |  2.685  1.683  0.601  0.3909 0.6244 0.6904   0.580
6895 |  2.685  1.683  0.601  0.3909 0.6244 0.6904   0.580
7092 |  2.685  1.683  0.601  0.3909 0.6244 0.6904   0.580
7289 |  2.685  1.683  0.601  0.3909 0.6244 0.6904   0.580
7486 |  2.685  1.683  0.601  0.3909 0.6244 0.6904   0.580
7683 |  2.685  1.683  0.601  0.3909 0.6244 0.6904   0.580
7880 |  2.685  1.683  0.601  0.3909 0.6244 0.6904   0.580
8077 |  2.685  1.683  0.601  0.3909 0.6244 0.6904   0.580
8274 |  2.685  1.683  0.601  0.3909 0.6244 0.6904   0.580
8471 |  2.685  1.683  0.601  0.3909 0.6244 0.6904   0.580
8668 |  2.685  1.683  0.601  0.3909 0.6244 0.6904   0.580
8865 |  2.685  1.683  0.601  0.3909 0.6244 0.6904   0.580
9062 |  2.685  1.683  0.601  0.3909 0.6244 0.6904   0.580
9259 |  2.685  1.683  0.601  0.3909 0.6244 0.6904   0.580
9456 |  2.685  1.683  0.601  0.3909 0.6244 0.6904   0.580
9653 |  2.685  1.683  0.601  0.3909 0.6244 0.6904   0.580
 372 |  2.685  1.683  0.601  0.3909 0.6244 0.6904   0.580
#
