# Superwater/superwater_010/3vla_A.pdb
# Protein CA rmsd=  0.000
#  N |   RMSD    Ave    Med   f<0.5  f<1.0  f<1.5
 177 |  5.364  3.840  2.736  0.3164 0.4237 0.4520   0.511
 354 |  2.847  1.815  0.711  0.4011 0.6158 0.6723   0.565
 531 |  2.847  1.815  0.711  0.4011 0.6158 0.6723   0.565
 708 |  2.847  1.815  0.711  0.4011 0.6158 0.6723   0.565
 885 |  2.847  1.815  0.711  0.4011 0.6158 0.6723   0.565
1062 |  2.847  1.815  0.711  0.4011 0.6158 0.6723   0.565
1239 |  2.847  1.815  0.711  0.4011 0.6158 0.6723   0.565
1416 |  2.847  1.815  0.711  0.4011 0.6158 0.6723   0.565
1593 |  2.847  1.815  0.711  0.4011 0.6158 0.6723   0.565
1770 |  2.847  1.815  0.711  0.4011 0.6158 0.6723   0.565
1947 |  2.847  1.815  0.711  0.4011 0.6158 0.6723   0.565
2124 |  2.847  1.815  0.711  0.4011 0.6158 0.6723   0.565
2301 |  2.847  1.815  0.711  0.4011 0.6158 0.6723   0.565
2478 |  2.847  1.815  0.711  0.4011 0.6158 0.6723   0.565
2655 |  2.847  1.815  0.711  0.4011 0.6158 0.6723   0.565
2832 |  2.847  1.815  0.711  0.4011 0.6158 0.6723   0.565
3009 |  2.847  1.815  0.711  0.4011 0.6158 0.6723   0.565
3186 |  2.847  1.815  0.711  0.4011 0.6158 0.6723   0.565
3363 |  2.847  1.815  0.711  0.4011 0.6158 0.6723   0.565
3540 |  2.847  1.815  0.711  0.4011 0.6158 0.6723   0.565
3717 |  2.847  1.815  0.711  0.4011 0.6158 0.6723   0.565
3894 |  2.847  1.815  0.711  0.4011 0.6158 0.6723   0.565
4071 |  2.847  1.815  0.711  0.4011 0.6158 0.6723   0.565
4248 |  2.847  1.815  0.711  0.4011 0.6158 0.6723   0.565
4425 |  2.847  1.815  0.711  0.4011 0.6158 0.6723   0.565
4602 |  2.847  1.815  0.711  0.4011 0.6158 0.6723   0.565
4779 |  2.847  1.815  0.711  0.4011 0.6158 0.6723   0.565
4956 |  2.847  1.815  0.711  0.4011 0.6158 0.6723   0.565
5133 |  2.847  1.815  0.711  0.4011 0.6158 0.6723   0.565
5310 |  2.847  1.815  0.711  0.4011 0.6158 0.6723   0.565
5487 |  2.847  1.815  0.711  0.4011 0.6158 0.6723   0.565
5664 |  2.847  1.815  0.711  0.4011 0.6158 0.6723   0.565
5841 |  2.847  1.815  0.711  0.4011 0.6158 0.6723   0.565
6018 |  2.847  1.815  0.711  0.4011 0.6158 0.6723   0.565
6195 |  2.847  1.815  0.711  0.4011 0.6158 0.6723   0.565
6372 |  2.847  1.815  0.711  0.4011 0.6158 0.6723   0.565
6549 |  2.847  1.815  0.711  0.4011 0.6158 0.6723   0.565
6726 |  2.847  1.815  0.711  0.4011 0.6158 0.6723   0.565
6903 |  2.847  1.815  0.711  0.4011 0.6158 0.6723   0.565
7080 |  2.847  1.815  0.711  0.4011 0.6158 0.6723   0.565
7257 |  2.847  1.815  0.711  0.4011 0.6158 0.6723   0.565
7434 |  2.847  1.815  0.711  0.4011 0.6158 0.6723   0.565
7611 |  2.847  1.815  0.711  0.4011 0.6158 0.6723   0.565
7788 |  2.847  1.815  0.711  0.4011 0.6158 0.6723   0.565
7965 |  2.847  1.815  0.711  0.4011 0.6158 0.6723   0.565
8142 |  2.847  1.815  0.711  0.4011 0.6158 0.6723   0.565
8319 |  2.847  1.815  0.711  0.4011 0.6158 0.6723   0.565
8496 |  2.847  1.815  0.711  0.4011 0.6158 0.6723   0.565
8673 |  2.847  1.815  0.711  0.4011 0.6158 0.6723   0.565
 343 |  2.847  1.815  0.711  0.4011 0.6158 0.6723   0.565
#
