# Superwater/superwater_010/3vor_A.pdb
# Protein CA rmsd=  0.000
#  N |   RMSD    Ave    Med   f<0.5  f<1.0  f<1.5
  75 |  5.974  4.500  3.213  0.1733 0.3733 0.3867   0.712
 150 |  3.056  2.116  0.918  0.2267 0.5200 0.5867   0.760
 225 |  3.056  2.116  0.918  0.2267 0.5200 0.5867   0.760
 300 |  3.056  2.116  0.918  0.2267 0.5200 0.5867   0.760
 375 |  3.056  2.116  0.918  0.2267 0.5200 0.5867   0.760
 450 |  3.056  2.116  0.918  0.2267 0.5200 0.5867   0.760
 525 |  3.056  2.116  0.918  0.2267 0.5200 0.5867   0.760
 600 |  3.056  2.116  0.918  0.2267 0.5200 0.5867   0.760
 675 |  3.056  2.116  0.918  0.2267 0.5200 0.5867   0.760
 750 |  3.056  2.116  0.918  0.2267 0.5200 0.5867   0.760
 825 |  3.056  2.116  0.918  0.2267 0.5200 0.5867   0.760
 900 |  3.056  2.116  0.918  0.2267 0.5200 0.5867   0.760
 975 |  3.056  2.116  0.918  0.2267 0.5200 0.5867   0.760
1050 |  3.056  2.116  0.918  0.2267 0.5200 0.5867   0.760
1125 |  3.056  2.116  0.918  0.2267 0.5200 0.5867   0.760
1200 |  3.056  2.116  0.918  0.2267 0.5200 0.5867   0.760
1275 |  3.056  2.116  0.918  0.2267 0.5200 0.5867   0.760
1350 |  3.056  2.116  0.918  0.2267 0.5200 0.5867   0.760
1425 |  3.056  2.116  0.918  0.2267 0.5200 0.5867   0.760
1500 |  3.056  2.116  0.918  0.2267 0.5200 0.5867   0.760
1575 |  3.056  2.116  0.918  0.2267 0.5200 0.5867   0.760
1650 |  3.056  2.116  0.918  0.2267 0.5200 0.5867   0.760
1725 |  3.056  2.116  0.918  0.2267 0.5200 0.5867   0.760
1800 |  3.056  2.116  0.918  0.2267 0.5200 0.5867   0.760
1875 |  3.056  2.116  0.918  0.2267 0.5200 0.5867   0.760
1950 |  3.056  2.116  0.918  0.2267 0.5200 0.5867   0.760
2025 |  3.056  2.116  0.918  0.2267 0.5200 0.5867   0.760
2100 |  3.056  2.116  0.918  0.2267 0.5200 0.5867   0.760
2175 |  3.056  2.116  0.918  0.2267 0.5200 0.5867   0.760
2250 |  3.056  2.116  0.918  0.2267 0.5200 0.5867   0.760
2325 |  3.056  2.116  0.918  0.2267 0.5200 0.5867   0.760
2400 |  3.056  2.116  0.918  0.2267 0.5200 0.5867   0.760
2475 |  3.056  2.116  0.918  0.2267 0.5200 0.5867   0.760
2550 |  3.056  2.116  0.918  0.2267 0.5200 0.5867   0.760
2625 |  3.056  2.116  0.918  0.2267 0.5200 0.5867   0.760
2700 |  3.056  2.116  0.918  0.2267 0.5200 0.5867   0.760
2775 |  3.056  2.116  0.918  0.2267 0.5200 0.5867   0.760
2850 |  3.056  2.116  0.918  0.2267 0.5200 0.5867   0.760
2925 |  3.056  2.116  0.918  0.2267 0.5200 0.5867   0.760
3000 |  3.056  2.116  0.918  0.2267 0.5200 0.5867   0.760
3075 |  3.056  2.116  0.918  0.2267 0.5200 0.5867   0.760
3150 |  3.056  2.116  0.918  0.2267 0.5200 0.5867   0.760
3225 |  3.056  2.116  0.918  0.2267 0.5200 0.5867   0.760
3300 |  3.056  2.116  0.918  0.2267 0.5200 0.5867   0.760
3375 |  3.056  2.116  0.918  0.2267 0.5200 0.5867   0.760
3450 |  3.056  2.116  0.918  0.2267 0.5200 0.5867   0.760
3525 |  3.056  2.116  0.918  0.2267 0.5200 0.5867   0.760
3600 |  3.056  2.116  0.918  0.2267 0.5200 0.5867   0.760
3675 |  3.056  2.116  0.918  0.2267 0.5200 0.5867   0.760
 144 |  3.056  2.116  0.918  0.2267 0.5200 0.5867   0.760
#
