# Superwater/superwater_010/3wdn_A.pdb
# Protein CA rmsd=  0.000
#  N |   RMSD    Ave    Med   f<0.5  f<1.0  f<1.5
  37 |  5.716  4.282  4.050  0.2432 0.3784 0.4054   0.474
  74 |  3.970  2.559  0.650  0.3784 0.5676 0.6216   0.539
 111 |  2.310  1.393  0.607  0.4054 0.7027 0.7838   0.596
 148 |  2.310  1.393  0.607  0.4054 0.7027 0.7838   0.596
 185 |  2.310  1.393  0.607  0.4054 0.7027 0.7838   0.596
 222 |  2.310  1.393  0.607  0.4054 0.7027 0.7838   0.596
 259 |  2.310  1.393  0.607  0.4054 0.7027 0.7838   0.596
 296 |  2.310  1.393  0.607  0.4054 0.7027 0.7838   0.596
 333 |  2.310  1.393  0.607  0.4054 0.7027 0.7838   0.596
 370 |  2.310  1.393  0.607  0.4054 0.7027 0.7838   0.596
 407 |  2.310  1.393  0.607  0.4054 0.7027 0.7838   0.596
 444 |  2.310  1.393  0.607  0.4054 0.7027 0.7838   0.596
 481 |  2.310  1.393  0.607  0.4054 0.7027 0.7838   0.596
 518 |  2.310  1.393  0.607  0.4054 0.7027 0.7838   0.596
 555 |  2.310  1.393  0.607  0.4054 0.7027 0.7838   0.596
 592 |  2.310  1.393  0.607  0.4054 0.7027 0.7838   0.596
 629 |  2.310  1.393  0.607  0.4054 0.7027 0.7838   0.596
 666 |  2.310  1.393  0.607  0.4054 0.7027 0.7838   0.596
 703 |  2.310  1.393  0.607  0.4054 0.7027 0.7838   0.596
 740 |  2.310  1.393  0.607  0.4054 0.7027 0.7838   0.596
 777 |  2.310  1.393  0.607  0.4054 0.7027 0.7838   0.596
 814 |  2.310  1.393  0.607  0.4054 0.7027 0.7838   0.596
 851 |  2.310  1.393  0.607  0.4054 0.7027 0.7838   0.596
 888 |  2.310  1.393  0.607  0.4054 0.7027 0.7838   0.596
 925 |  2.310  1.393  0.607  0.4054 0.7027 0.7838   0.596
 962 |  2.310  1.393  0.607  0.4054 0.7027 0.7838   0.596
 999 |  2.310  1.393  0.607  0.4054 0.7027 0.7838   0.596
1036 |  2.310  1.393  0.607  0.4054 0.7027 0.7838   0.596
1073 |  2.310  1.393  0.607  0.4054 0.7027 0.7838   0.596
1110 |  2.310  1.393  0.607  0.4054 0.7027 0.7838   0.596
1147 |  2.310  1.393  0.607  0.4054 0.7027 0.7838   0.596
1184 |  2.310  1.393  0.607  0.4054 0.7027 0.7838   0.596
1221 |  2.310  1.393  0.607  0.4054 0.7027 0.7838   0.596
1258 |  2.310  1.393  0.607  0.4054 0.7027 0.7838   0.596
1295 |  2.310  1.393  0.607  0.4054 0.7027 0.7838   0.596
1332 |  2.310  1.393  0.607  0.4054 0.7027 0.7838   0.596
1369 |  2.310  1.393  0.607  0.4054 0.7027 0.7838   0.596
1406 |  2.310  1.393  0.607  0.4054 0.7027 0.7838   0.596
1443 |  2.310  1.393  0.607  0.4054 0.7027 0.7838   0.596
1480 |  2.310  1.393  0.607  0.4054 0.7027 0.7838   0.596
1517 |  2.310  1.393  0.607  0.4054 0.7027 0.7838   0.596
1554 |  2.310  1.393  0.607  0.4054 0.7027 0.7838   0.596
1591 |  2.310  1.393  0.607  0.4054 0.7027 0.7838   0.596
1628 |  2.310  1.393  0.607  0.4054 0.7027 0.7838   0.596
1665 |  2.310  1.393  0.607  0.4054 0.7027 0.7838   0.596
1702 |  2.310  1.393  0.607  0.4054 0.7027 0.7838   0.596
1739 |  2.310  1.393  0.607  0.4054 0.7027 0.7838   0.596
1776 |  2.310  1.393  0.607  0.4054 0.7027 0.7838   0.596
1813 |  2.310  1.393  0.607  0.4054 0.7027 0.7838   0.596
 103 |  2.310  1.393  0.607  0.4054 0.7027 0.7838   0.596
#
