# Superwater/superwater_010/3zuc_A.pdb
# Protein CA rmsd=  0.000
#  N |   RMSD    Ave    Med   f<0.5  f<1.0  f<1.5
  84 |  5.460  4.081  3.197  0.1667 0.3214 0.4167   0.763
 168 |  3.561  2.487  1.221  0.2381 0.4167 0.5476   0.711
 252 |  3.561  2.487  1.221  0.2381 0.4167 0.5476   0.711
 336 |  3.561  2.487  1.221  0.2381 0.4167 0.5476   0.711
 420 |  3.561  2.487  1.221  0.2381 0.4167 0.5476   0.711
 504 |  3.561  2.487  1.221  0.2381 0.4167 0.5476   0.711
 588 |  3.561  2.487  1.221  0.2381 0.4167 0.5476   0.711
 672 |  3.561  2.487  1.221  0.2381 0.4167 0.5476   0.711
 756 |  3.561  2.487  1.221  0.2381 0.4167 0.5476   0.711
 840 |  3.561  2.487  1.221  0.2381 0.4167 0.5476   0.711
 924 |  3.561  2.487  1.221  0.2381 0.4167 0.5476   0.711
1008 |  3.561  2.487  1.221  0.2381 0.4167 0.5476   0.711
1092 |  3.561  2.487  1.221  0.2381 0.4167 0.5476   0.711
1176 |  3.561  2.487  1.221  0.2381 0.4167 0.5476   0.711
1260 |  3.561  2.487  1.221  0.2381 0.4167 0.5476   0.711
1344 |  3.561  2.487  1.221  0.2381 0.4167 0.5476   0.711
1428 |  3.561  2.487  1.221  0.2381 0.4167 0.5476   0.711
1512 |  3.561  2.487  1.221  0.2381 0.4167 0.5476   0.711
1596 |  3.561  2.487  1.221  0.2381 0.4167 0.5476   0.711
1680 |  3.561  2.487  1.221  0.2381 0.4167 0.5476   0.711
1764 |  3.561  2.487  1.221  0.2381 0.4167 0.5476   0.711
1848 |  3.561  2.487  1.221  0.2381 0.4167 0.5476   0.711
1932 |  3.561  2.487  1.221  0.2381 0.4167 0.5476   0.711
2016 |  3.561  2.487  1.221  0.2381 0.4167 0.5476   0.711
2100 |  3.561  2.487  1.221  0.2381 0.4167 0.5476   0.711
2184 |  3.561  2.487  1.221  0.2381 0.4167 0.5476   0.711
2268 |  3.561  2.487  1.221  0.2381 0.4167 0.5476   0.711
2352 |  3.561  2.487  1.221  0.2381 0.4167 0.5476   0.711
2436 |  3.561  2.487  1.221  0.2381 0.4167 0.5476   0.711
2520 |  3.561  2.487  1.221  0.2381 0.4167 0.5476   0.711
2604 |  3.561  2.487  1.221  0.2381 0.4167 0.5476   0.711
2688 |  3.561  2.487  1.221  0.2381 0.4167 0.5476   0.711
2772 |  3.561  2.487  1.221  0.2381 0.4167 0.5476   0.711
2856 |  3.561  2.487  1.221  0.2381 0.4167 0.5476   0.711
2940 |  3.561  2.487  1.221  0.2381 0.4167 0.5476   0.711
3024 |  3.561  2.487  1.221  0.2381 0.4167 0.5476   0.711
3108 |  3.561  2.487  1.221  0.2381 0.4167 0.5476   0.711
3192 |  3.561  2.487  1.221  0.2381 0.4167 0.5476   0.711
3276 |  3.561  2.487  1.221  0.2381 0.4167 0.5476   0.711
3360 |  3.561  2.487  1.221  0.2381 0.4167 0.5476   0.711
3444 |  3.561  2.487  1.221  0.2381 0.4167 0.5476   0.711
3528 |  3.561  2.487  1.221  0.2381 0.4167 0.5476   0.711
3612 |  3.561  2.487  1.221  0.2381 0.4167 0.5476   0.711
3696 |  3.561  2.487  1.221  0.2381 0.4167 0.5476   0.711
3780 |  3.561  2.487  1.221  0.2381 0.4167 0.5476   0.711
3864 |  3.561  2.487  1.221  0.2381 0.4167 0.5476   0.711
3948 |  3.561  2.487  1.221  0.2381 0.4167 0.5476   0.711
4032 |  3.561  2.487  1.221  0.2381 0.4167 0.5476   0.711
4116 |  3.561  2.487  1.221  0.2381 0.4167 0.5476   0.711
 136 |  3.561  2.487  1.221  0.2381 0.4167 0.5476   0.711
#
