# Superwater/superwater_010/4a02_A.pdb
# Protein CA rmsd=  0.000
#  N |   RMSD    Ave    Med   f<0.5  f<1.0  f<1.5
  65 |  5.794  4.244  3.315  0.3692 0.4308 0.4308   0.377
 130 |  3.134  2.084  0.656  0.4000 0.6000 0.6154   0.498
 195 |  2.420  1.543  0.616  0.4154 0.6615 0.6769   0.551
 260 |  2.420  1.543  0.616  0.4154 0.6615 0.6769   0.551
 325 |  2.420  1.543  0.616  0.4154 0.6615 0.6769   0.551
 390 |  2.420  1.543  0.616  0.4154 0.6615 0.6769   0.551
 455 |  2.420  1.543  0.616  0.4154 0.6615 0.6769   0.551
 520 |  2.420  1.543  0.616  0.4154 0.6615 0.6769   0.551
 585 |  2.420  1.543  0.616  0.4154 0.6615 0.6769   0.551
 650 |  2.420  1.543  0.616  0.4154 0.6615 0.6769   0.551
 715 |  2.420  1.543  0.616  0.4154 0.6615 0.6769   0.551
 780 |  2.420  1.543  0.616  0.4154 0.6615 0.6769   0.551
 845 |  2.420  1.543  0.616  0.4154 0.6615 0.6769   0.551
 910 |  2.420  1.543  0.616  0.4154 0.6615 0.6769   0.551
 975 |  2.420  1.543  0.616  0.4154 0.6615 0.6769   0.551
1040 |  2.420  1.543  0.616  0.4154 0.6615 0.6769   0.551
1105 |  2.420  1.543  0.616  0.4154 0.6615 0.6769   0.551
1170 |  2.420  1.543  0.616  0.4154 0.6615 0.6769   0.551
1235 |  2.420  1.543  0.616  0.4154 0.6615 0.6769   0.551
1300 |  2.420  1.543  0.616  0.4154 0.6615 0.6769   0.551
1365 |  2.420  1.543  0.616  0.4154 0.6615 0.6769   0.551
1430 |  2.420  1.543  0.616  0.4154 0.6615 0.6769   0.551
1495 |  2.420  1.543  0.616  0.4154 0.6615 0.6769   0.551
1560 |  2.420  1.543  0.616  0.4154 0.6615 0.6769   0.551
1625 |  2.420  1.543  0.616  0.4154 0.6615 0.6769   0.551
1690 |  2.420  1.543  0.616  0.4154 0.6615 0.6769   0.551
1755 |  2.420  1.543  0.616  0.4154 0.6615 0.6769   0.551
1820 |  2.420  1.543  0.616  0.4154 0.6615 0.6769   0.551
1885 |  2.420  1.543  0.616  0.4154 0.6615 0.6769   0.551
1950 |  2.420  1.543  0.616  0.4154 0.6615 0.6769   0.551
2015 |  2.420  1.543  0.616  0.4154 0.6615 0.6769   0.551
2080 |  2.420  1.543  0.616  0.4154 0.6615 0.6769   0.551
2145 |  2.420  1.543  0.616  0.4154 0.6615 0.6769   0.551
2210 |  2.420  1.543  0.616  0.4154 0.6615 0.6769   0.551
2275 |  2.420  1.543  0.616  0.4154 0.6615 0.6769   0.551
2340 |  2.420  1.543  0.616  0.4154 0.6615 0.6769   0.551
2405 |  2.420  1.543  0.616  0.4154 0.6615 0.6769   0.551
2470 |  2.420  1.543  0.616  0.4154 0.6615 0.6769   0.551
2535 |  2.420  1.543  0.616  0.4154 0.6615 0.6769   0.551
2600 |  2.420  1.543  0.616  0.4154 0.6615 0.6769   0.551
2665 |  2.420  1.543  0.616  0.4154 0.6615 0.6769   0.551
2730 |  2.420  1.543  0.616  0.4154 0.6615 0.6769   0.551
2795 |  2.420  1.543  0.616  0.4154 0.6615 0.6769   0.551
2860 |  2.420  1.543  0.616  0.4154 0.6615 0.6769   0.551
2925 |  2.420  1.543  0.616  0.4154 0.6615 0.6769   0.551
2990 |  2.420  1.543  0.616  0.4154 0.6615 0.6769   0.551
3055 |  2.420  1.543  0.616  0.4154 0.6615 0.6769   0.551
3120 |  2.420  1.543  0.616  0.4154 0.6615 0.6769   0.551
3185 |  2.420  1.543  0.616  0.4154 0.6615 0.6769   0.551
 155 |  2.420  1.543  0.616  0.4154 0.6615 0.6769   0.551
#
