# Superwater/superwater_010/4a7u_A.pdb
# Protein CA rmsd=  0.000
#  N |   RMSD    Ave    Med   f<0.5  f<1.0  f<1.5
  52 |  5.077  3.527  1.665  0.3462 0.5000 0.5000   0.412
 104 |  3.038  1.885  0.642  0.3654 0.6346 0.6731   0.495
 156 |  3.038  1.885  0.642  0.3654 0.6346 0.6731   0.495
 208 |  3.038  1.885  0.642  0.3654 0.6346 0.6731   0.495
 260 |  3.038  1.885  0.642  0.3654 0.6346 0.6731   0.495
 312 |  3.038  1.885  0.642  0.3654 0.6346 0.6731   0.495
 364 |  3.038  1.885  0.642  0.3654 0.6346 0.6731   0.495
 416 |  3.038  1.885  0.642  0.3654 0.6346 0.6731   0.495
 468 |  3.038  1.885  0.642  0.3654 0.6346 0.6731   0.495
 520 |  3.038  1.885  0.642  0.3654 0.6346 0.6731   0.495
 572 |  3.038  1.885  0.642  0.3654 0.6346 0.6731   0.495
 624 |  3.038  1.885  0.642  0.3654 0.6346 0.6731   0.495
 676 |  3.038  1.885  0.642  0.3654 0.6346 0.6731   0.495
 728 |  3.038  1.885  0.642  0.3654 0.6346 0.6731   0.495
 780 |  3.038  1.885  0.642  0.3654 0.6346 0.6731   0.495
 832 |  3.038  1.885  0.642  0.3654 0.6346 0.6731   0.495
 884 |  3.038  1.885  0.642  0.3654 0.6346 0.6731   0.495
 936 |  3.038  1.885  0.642  0.3654 0.6346 0.6731   0.495
 988 |  3.038  1.885  0.642  0.3654 0.6346 0.6731   0.495
1040 |  3.038  1.885  0.642  0.3654 0.6346 0.6731   0.495
1092 |  3.038  1.885  0.642  0.3654 0.6346 0.6731   0.495
1144 |  3.038  1.885  0.642  0.3654 0.6346 0.6731   0.495
1196 |  3.038  1.885  0.642  0.3654 0.6346 0.6731   0.495
1248 |  3.038  1.885  0.642  0.3654 0.6346 0.6731   0.495
1300 |  3.038  1.885  0.642  0.3654 0.6346 0.6731   0.495
1352 |  3.038  1.885  0.642  0.3654 0.6346 0.6731   0.495
1404 |  3.038  1.885  0.642  0.3654 0.6346 0.6731   0.495
1456 |  3.038  1.885  0.642  0.3654 0.6346 0.6731   0.495
1508 |  3.038  1.885  0.642  0.3654 0.6346 0.6731   0.495
1560 |  3.038  1.885  0.642  0.3654 0.6346 0.6731   0.495
1612 |  3.038  1.885  0.642  0.3654 0.6346 0.6731   0.495
1664 |  3.038  1.885  0.642  0.3654 0.6346 0.6731   0.495
1716 |  3.038  1.885  0.642  0.3654 0.6346 0.6731   0.495
1768 |  3.038  1.885  0.642  0.3654 0.6346 0.6731   0.495
1820 |  3.038  1.885  0.642  0.3654 0.6346 0.6731   0.495
1872 |  3.038  1.885  0.642  0.3654 0.6346 0.6731   0.495
1924 |  3.038  1.885  0.642  0.3654 0.6346 0.6731   0.495
1976 |  3.038  1.885  0.642  0.3654 0.6346 0.6731   0.495
2028 |  3.038  1.885  0.642  0.3654 0.6346 0.6731   0.495
2080 |  3.038  1.885  0.642  0.3654 0.6346 0.6731   0.495
2132 |  3.038  1.885  0.642  0.3654 0.6346 0.6731   0.495
2184 |  3.038  1.885  0.642  0.3654 0.6346 0.6731   0.495
2236 |  3.038  1.885  0.642  0.3654 0.6346 0.6731   0.495
2288 |  3.038  1.885  0.642  0.3654 0.6346 0.6731   0.495
2340 |  3.038  1.885  0.642  0.3654 0.6346 0.6731   0.495
2392 |  3.038  1.885  0.642  0.3654 0.6346 0.6731   0.495
2444 |  3.038  1.885  0.642  0.3654 0.6346 0.6731   0.495
2496 |  3.038  1.885  0.642  0.3654 0.6346 0.6731   0.495
2548 |  3.038  1.885  0.642  0.3654 0.6346 0.6731   0.495
 102 |  3.038  1.885  0.642  0.3654 0.6346 0.6731   0.495
#
