# Superwater/superwater_010/4bj0_A.pdb
# Protein CA rmsd=  0.000
#  N |   RMSD    Ave    Med   f<0.5  f<1.0  f<1.5
  73 |  5.487  3.888  2.252  0.3014 0.4658 0.4932   0.498
 146 |  2.569  1.629  0.708  0.3425 0.6438 0.7123   0.641
 219 |  2.569  1.629  0.708  0.3425 0.6438 0.7123   0.641
 292 |  2.569  1.629  0.708  0.3425 0.6438 0.7123   0.641
 365 |  2.569  1.629  0.708  0.3425 0.6438 0.7123   0.641
 438 |  2.569  1.629  0.708  0.3425 0.6438 0.7123   0.641
 511 |  2.569  1.629  0.708  0.3425 0.6438 0.7123   0.641
 584 |  2.569  1.629  0.708  0.3425 0.6438 0.7123   0.641
 657 |  2.569  1.629  0.708  0.3425 0.6438 0.7123   0.641
 730 |  2.569  1.629  0.708  0.3425 0.6438 0.7123   0.641
 803 |  2.569  1.629  0.708  0.3425 0.6438 0.7123   0.641
 876 |  2.569  1.629  0.708  0.3425 0.6438 0.7123   0.641
 949 |  2.569  1.629  0.708  0.3425 0.6438 0.7123   0.641
1022 |  2.569  1.629  0.708  0.3425 0.6438 0.7123   0.641
1095 |  2.569  1.629  0.708  0.3425 0.6438 0.7123   0.641
1168 |  2.569  1.629  0.708  0.3425 0.6438 0.7123   0.641
1241 |  2.569  1.629  0.708  0.3425 0.6438 0.7123   0.641
1314 |  2.569  1.629  0.708  0.3425 0.6438 0.7123   0.641
1387 |  2.569  1.629  0.708  0.3425 0.6438 0.7123   0.641
1460 |  2.569  1.629  0.708  0.3425 0.6438 0.7123   0.641
1533 |  2.569  1.629  0.708  0.3425 0.6438 0.7123   0.641
1606 |  2.569  1.629  0.708  0.3425 0.6438 0.7123   0.641
1679 |  2.569  1.629  0.708  0.3425 0.6438 0.7123   0.641
1752 |  2.569  1.629  0.708  0.3425 0.6438 0.7123   0.641
1825 |  2.569  1.629  0.708  0.3425 0.6438 0.7123   0.641
1898 |  2.569  1.629  0.708  0.3425 0.6438 0.7123   0.641
1971 |  2.569  1.629  0.708  0.3425 0.6438 0.7123   0.641
2044 |  2.569  1.629  0.708  0.3425 0.6438 0.7123   0.641
2117 |  2.569  1.629  0.708  0.3425 0.6438 0.7123   0.641
2190 |  2.569  1.629  0.708  0.3425 0.6438 0.7123   0.641
2263 |  2.569  1.629  0.708  0.3425 0.6438 0.7123   0.641
2336 |  2.569  1.629  0.708  0.3425 0.6438 0.7123   0.641
2409 |  2.569  1.629  0.708  0.3425 0.6438 0.7123   0.641
2482 |  2.569  1.629  0.708  0.3425 0.6438 0.7123   0.641
2555 |  2.569  1.629  0.708  0.3425 0.6438 0.7123   0.641
2628 |  2.569  1.629  0.708  0.3425 0.6438 0.7123   0.641
2701 |  2.569  1.629  0.708  0.3425 0.6438 0.7123   0.641
2774 |  2.569  1.629  0.708  0.3425 0.6438 0.7123   0.641
2847 |  2.569  1.629  0.708  0.3425 0.6438 0.7123   0.641
2920 |  2.569  1.629  0.708  0.3425 0.6438 0.7123   0.641
2993 |  2.569  1.629  0.708  0.3425 0.6438 0.7123   0.641
3066 |  2.569  1.629  0.708  0.3425 0.6438 0.7123   0.641
3139 |  2.569  1.629  0.708  0.3425 0.6438 0.7123   0.641
3212 |  2.569  1.629  0.708  0.3425 0.6438 0.7123   0.641
3285 |  2.569  1.629  0.708  0.3425 0.6438 0.7123   0.641
3358 |  2.569  1.629  0.708  0.3425 0.6438 0.7123   0.641
3431 |  2.569  1.629  0.708  0.3425 0.6438 0.7123   0.641
3504 |  2.569  1.629  0.708  0.3425 0.6438 0.7123   0.641
3577 |  2.569  1.629  0.708  0.3425 0.6438 0.7123   0.641
 151 |  2.569  1.629  0.708  0.3425 0.6438 0.7123   0.641
#
