# Superwater/superwater_010/4ce8_A.pdb
# Protein CA rmsd=  0.000
#  N |   RMSD    Ave    Med   f<0.5  f<1.0  f<1.5
  52 |  5.876  4.372  3.787  0.2308 0.3654 0.4231   0.537
 104 |  3.473  2.430  1.013  0.2885 0.4808 0.5577   0.562
 156 |  3.473  2.430  1.013  0.2885 0.4808 0.5577   0.562
 208 |  3.473  2.430  1.013  0.2885 0.4808 0.5577   0.562
 260 |  3.473  2.430  1.013  0.2885 0.4808 0.5577   0.562
 312 |  3.473  2.430  1.013  0.2885 0.4808 0.5577   0.562
 364 |  3.473  2.430  1.013  0.2885 0.4808 0.5577   0.562
 416 |  3.473  2.430  1.013  0.2885 0.4808 0.5577   0.562
 468 |  3.473  2.430  1.013  0.2885 0.4808 0.5577   0.562
 520 |  3.473  2.430  1.013  0.2885 0.4808 0.5577   0.562
 572 |  3.473  2.430  1.013  0.2885 0.4808 0.5577   0.562
 624 |  3.473  2.430  1.013  0.2885 0.4808 0.5577   0.562
 676 |  3.473  2.430  1.013  0.2885 0.4808 0.5577   0.562
 728 |  3.473  2.430  1.013  0.2885 0.4808 0.5577   0.562
 780 |  3.473  2.430  1.013  0.2885 0.4808 0.5577   0.562
 832 |  3.473  2.430  1.013  0.2885 0.4808 0.5577   0.562
 884 |  3.473  2.430  1.013  0.2885 0.4808 0.5577   0.562
 936 |  3.473  2.430  1.013  0.2885 0.4808 0.5577   0.562
 988 |  3.473  2.430  1.013  0.2885 0.4808 0.5577   0.562
1040 |  3.473  2.430  1.013  0.2885 0.4808 0.5577   0.562
1092 |  3.473  2.430  1.013  0.2885 0.4808 0.5577   0.562
1144 |  3.473  2.430  1.013  0.2885 0.4808 0.5577   0.562
1196 |  3.473  2.430  1.013  0.2885 0.4808 0.5577   0.562
1248 |  3.473  2.430  1.013  0.2885 0.4808 0.5577   0.562
1300 |  3.473  2.430  1.013  0.2885 0.4808 0.5577   0.562
1352 |  3.473  2.430  1.013  0.2885 0.4808 0.5577   0.562
1404 |  3.473  2.430  1.013  0.2885 0.4808 0.5577   0.562
1456 |  3.473  2.430  1.013  0.2885 0.4808 0.5577   0.562
1508 |  3.473  2.430  1.013  0.2885 0.4808 0.5577   0.562
1560 |  3.473  2.430  1.013  0.2885 0.4808 0.5577   0.562
1612 |  3.473  2.430  1.013  0.2885 0.4808 0.5577   0.562
1664 |  3.473  2.430  1.013  0.2885 0.4808 0.5577   0.562
1716 |  3.473  2.430  1.013  0.2885 0.4808 0.5577   0.562
1768 |  3.473  2.430  1.013  0.2885 0.4808 0.5577   0.562
1820 |  3.473  2.430  1.013  0.2885 0.4808 0.5577   0.562
1872 |  3.473  2.430  1.013  0.2885 0.4808 0.5577   0.562
1924 |  3.473  2.430  1.013  0.2885 0.4808 0.5577   0.562
1976 |  3.473  2.430  1.013  0.2885 0.4808 0.5577   0.562
2028 |  3.473  2.430  1.013  0.2885 0.4808 0.5577   0.562
2080 |  3.473  2.430  1.013  0.2885 0.4808 0.5577   0.562
2132 |  3.473  2.430  1.013  0.2885 0.4808 0.5577   0.562
2184 |  3.473  2.430  1.013  0.2885 0.4808 0.5577   0.562
2236 |  3.473  2.430  1.013  0.2885 0.4808 0.5577   0.562
2288 |  3.473  2.430  1.013  0.2885 0.4808 0.5577   0.562
2340 |  3.473  2.430  1.013  0.2885 0.4808 0.5577   0.562
2392 |  3.473  2.430  1.013  0.2885 0.4808 0.5577   0.562
2444 |  3.473  2.430  1.013  0.2885 0.4808 0.5577   0.562
2496 |  3.473  2.430  1.013  0.2885 0.4808 0.5577   0.562
2548 |  3.473  2.430  1.013  0.2885 0.4808 0.5577   0.562
  87 |  3.473  2.430  1.013  0.2885 0.4808 0.5577   0.562
#
