# Superwater/superwater_010/4e3y_A.pdb
# Protein CA rmsd=  0.000
#  N |   RMSD    Ave    Med   f<0.5  f<1.0  f<1.5
 110 |  5.503  3.911  2.534  0.3000 0.4545 0.4818   0.464
 220 |  3.238  2.022  0.708  0.3273 0.6091 0.6545   0.561
 330 |  3.238  2.022  0.708  0.3273 0.6091 0.6545   0.561
 440 |  3.238  2.022  0.708  0.3273 0.6091 0.6545   0.561
 550 |  3.238  2.022  0.708  0.3273 0.6091 0.6545   0.561
 660 |  3.238  2.022  0.708  0.3273 0.6091 0.6545   0.561
 770 |  3.238  2.022  0.708  0.3273 0.6091 0.6545   0.561
 880 |  3.238  2.022  0.708  0.3273 0.6091 0.6545   0.561
 990 |  3.238  2.022  0.708  0.3273 0.6091 0.6545   0.561
1100 |  3.238  2.022  0.708  0.3273 0.6091 0.6545   0.561
1210 |  3.238  2.022  0.708  0.3273 0.6091 0.6545   0.561
1320 |  3.238  2.022  0.708  0.3273 0.6091 0.6545   0.561
1430 |  3.238  2.022  0.708  0.3273 0.6091 0.6545   0.561
1540 |  3.238  2.022  0.708  0.3273 0.6091 0.6545   0.561
1650 |  3.238  2.022  0.708  0.3273 0.6091 0.6545   0.561
1760 |  3.238  2.022  0.708  0.3273 0.6091 0.6545   0.561
1870 |  3.238  2.022  0.708  0.3273 0.6091 0.6545   0.561
1980 |  3.238  2.022  0.708  0.3273 0.6091 0.6545   0.561
2090 |  3.238  2.022  0.708  0.3273 0.6091 0.6545   0.561
2200 |  3.238  2.022  0.708  0.3273 0.6091 0.6545   0.561
2310 |  3.238  2.022  0.708  0.3273 0.6091 0.6545   0.561
2420 |  3.238  2.022  0.708  0.3273 0.6091 0.6545   0.561
2530 |  3.238  2.022  0.708  0.3273 0.6091 0.6545   0.561
2640 |  3.238  2.022  0.708  0.3273 0.6091 0.6545   0.561
2750 |  3.238  2.022  0.708  0.3273 0.6091 0.6545   0.561
2860 |  3.238  2.022  0.708  0.3273 0.6091 0.6545   0.561
2970 |  3.238  2.022  0.708  0.3273 0.6091 0.6545   0.561
3080 |  3.238  2.022  0.708  0.3273 0.6091 0.6545   0.561
3190 |  3.238  2.022  0.708  0.3273 0.6091 0.6545   0.561
3300 |  3.238  2.022  0.708  0.3273 0.6091 0.6545   0.561
3410 |  3.238  2.022  0.708  0.3273 0.6091 0.6545   0.561
3520 |  3.238  2.022  0.708  0.3273 0.6091 0.6545   0.561
3630 |  3.238  2.022  0.708  0.3273 0.6091 0.6545   0.561
3740 |  3.238  2.022  0.708  0.3273 0.6091 0.6545   0.561
3850 |  3.238  2.022  0.708  0.3273 0.6091 0.6545   0.561
3960 |  3.238  2.022  0.708  0.3273 0.6091 0.6545   0.561
4070 |  3.238  2.022  0.708  0.3273 0.6091 0.6545   0.561
4180 |  3.238  2.022  0.708  0.3273 0.6091 0.6545   0.561
4290 |  3.238  2.022  0.708  0.3273 0.6091 0.6545   0.561
4400 |  3.238  2.022  0.708  0.3273 0.6091 0.6545   0.561
4510 |  3.238  2.022  0.708  0.3273 0.6091 0.6545   0.561
4620 |  3.238  2.022  0.708  0.3273 0.6091 0.6545   0.561
4730 |  3.238  2.022  0.708  0.3273 0.6091 0.6545   0.561
4840 |  3.238  2.022  0.708  0.3273 0.6091 0.6545   0.561
4950 |  3.238  2.022  0.708  0.3273 0.6091 0.6545   0.561
5060 |  3.238  2.022  0.708  0.3273 0.6091 0.6545   0.561
5170 |  3.238  2.022  0.708  0.3273 0.6091 0.6545   0.561
5280 |  3.238  2.022  0.708  0.3273 0.6091 0.6545   0.561
5390 |  3.238  2.022  0.708  0.3273 0.6091 0.6545   0.561
 204 |  3.238  2.022  0.708  0.3273 0.6091 0.6545   0.561
#
