# Superwater/superwater_010/4g9s_B.pdb
# Protein CA rmsd=  0.000
#  N |   RMSD    Ave    Med   f<0.5  f<1.0  f<1.5
  51 |  5.316  3.856  3.443  0.3137 0.4118 0.4314   0.411
 102 |  2.818  1.872  0.725  0.3529 0.5882 0.6275   0.488
 153 |  2.818  1.872  0.725  0.3529 0.5882 0.6275   0.488
 204 |  2.818  1.872  0.725  0.3529 0.5882 0.6275   0.488
 255 |  2.818  1.872  0.725  0.3529 0.5882 0.6275   0.488
 306 |  2.818  1.872  0.725  0.3529 0.5882 0.6275   0.488
 357 |  2.818  1.872  0.725  0.3529 0.5882 0.6275   0.488
 408 |  2.818  1.872  0.725  0.3529 0.5882 0.6275   0.488
 459 |  2.818  1.872  0.725  0.3529 0.5882 0.6275   0.488
 510 |  2.818  1.872  0.725  0.3529 0.5882 0.6275   0.488
 561 |  2.818  1.872  0.725  0.3529 0.5882 0.6275   0.488
 612 |  2.818  1.872  0.725  0.3529 0.5882 0.6275   0.488
 663 |  2.818  1.872  0.725  0.3529 0.5882 0.6275   0.488
 714 |  2.818  1.872  0.725  0.3529 0.5882 0.6275   0.488
 765 |  2.818  1.872  0.725  0.3529 0.5882 0.6275   0.488
 816 |  2.818  1.872  0.725  0.3529 0.5882 0.6275   0.488
 867 |  2.818  1.872  0.725  0.3529 0.5882 0.6275   0.488
 918 |  2.818  1.872  0.725  0.3529 0.5882 0.6275   0.488
 969 |  2.818  1.872  0.725  0.3529 0.5882 0.6275   0.488
1020 |  2.818  1.872  0.725  0.3529 0.5882 0.6275   0.488
1071 |  2.818  1.872  0.725  0.3529 0.5882 0.6275   0.488
1122 |  2.818  1.872  0.725  0.3529 0.5882 0.6275   0.488
1173 |  2.818  1.872  0.725  0.3529 0.5882 0.6275   0.488
1224 |  2.818  1.872  0.725  0.3529 0.5882 0.6275   0.488
1275 |  2.818  1.872  0.725  0.3529 0.5882 0.6275   0.488
1326 |  2.818  1.872  0.725  0.3529 0.5882 0.6275   0.488
1377 |  2.818  1.872  0.725  0.3529 0.5882 0.6275   0.488
1428 |  2.818  1.872  0.725  0.3529 0.5882 0.6275   0.488
1479 |  2.818  1.872  0.725  0.3529 0.5882 0.6275   0.488
1530 |  2.818  1.872  0.725  0.3529 0.5882 0.6275   0.488
1581 |  2.818  1.872  0.725  0.3529 0.5882 0.6275   0.488
1632 |  2.818  1.872  0.725  0.3529 0.5882 0.6275   0.488
1683 |  2.818  1.872  0.725  0.3529 0.5882 0.6275   0.488
1734 |  2.818  1.872  0.725  0.3529 0.5882 0.6275   0.488
1785 |  2.818  1.872  0.725  0.3529 0.5882 0.6275   0.488
1836 |  2.818  1.872  0.725  0.3529 0.5882 0.6275   0.488
1887 |  2.818  1.872  0.725  0.3529 0.5882 0.6275   0.488
1938 |  2.818  1.872  0.725  0.3529 0.5882 0.6275   0.488
1989 |  2.818  1.872  0.725  0.3529 0.5882 0.6275   0.488
2040 |  2.818  1.872  0.725  0.3529 0.5882 0.6275   0.488
2091 |  2.818  1.872  0.725  0.3529 0.5882 0.6275   0.488
2142 |  2.818  1.872  0.725  0.3529 0.5882 0.6275   0.488
2193 |  2.818  1.872  0.725  0.3529 0.5882 0.6275   0.488
2244 |  2.818  1.872  0.725  0.3529 0.5882 0.6275   0.488
2295 |  2.818  1.872  0.725  0.3529 0.5882 0.6275   0.488
2346 |  2.818  1.872  0.725  0.3529 0.5882 0.6275   0.488
2397 |  2.818  1.872  0.725  0.3529 0.5882 0.6275   0.488
2448 |  2.818  1.872  0.725  0.3529 0.5882 0.6275   0.488
2499 |  2.818  1.872  0.725  0.3529 0.5882 0.6275   0.488
  96 |  2.818  1.872  0.725  0.3529 0.5882 0.6275   0.488
#
