# Superwater/superwater_010/4g9s_A.pdb
# Protein CA rmsd=  0.000
#  N |   RMSD    Ave    Med   f<0.5  f<1.0  f<1.5
  81 |  5.602  4.161  3.410  0.2099 0.4074 0.4198   0.584
 162 |  4.397  3.007  1.272  0.2346 0.4691 0.5309   0.706
 243 |  4.397  3.007  1.272  0.2346 0.4691 0.5309   0.706
 324 |  4.397  3.007  1.272  0.2346 0.4691 0.5309   0.706
 405 |  4.397  3.007  1.272  0.2346 0.4691 0.5309   0.706
 486 |  4.397  3.007  1.272  0.2346 0.4691 0.5309   0.706
 567 |  4.397  3.007  1.272  0.2346 0.4691 0.5309   0.706
 648 |  4.397  3.007  1.272  0.2346 0.4691 0.5309   0.706
 729 |  4.397  3.007  1.272  0.2346 0.4691 0.5309   0.706
 810 |  4.397  3.007  1.272  0.2346 0.4691 0.5309   0.706
 891 |  4.397  3.007  1.272  0.2346 0.4691 0.5309   0.706
 972 |  4.397  3.007  1.272  0.2346 0.4691 0.5309   0.706
1053 |  4.397  3.007  1.272  0.2346 0.4691 0.5309   0.706
1134 |  4.397  3.007  1.272  0.2346 0.4691 0.5309   0.706
1215 |  4.397  3.007  1.272  0.2346 0.4691 0.5309   0.706
1296 |  4.397  3.007  1.272  0.2346 0.4691 0.5309   0.706
1377 |  4.397  3.007  1.272  0.2346 0.4691 0.5309   0.706
1458 |  4.397  3.007  1.272  0.2346 0.4691 0.5309   0.706
1539 |  4.397  3.007  1.272  0.2346 0.4691 0.5309   0.706
1620 |  4.397  3.007  1.272  0.2346 0.4691 0.5309   0.706
1701 |  4.397  3.007  1.272  0.2346 0.4691 0.5309   0.706
1782 |  4.397  3.007  1.272  0.2346 0.4691 0.5309   0.706
1863 |  4.397  3.007  1.272  0.2346 0.4691 0.5309   0.706
1944 |  4.397  3.007  1.272  0.2346 0.4691 0.5309   0.706
2025 |  4.397  3.007  1.272  0.2346 0.4691 0.5309   0.706
2106 |  4.397  3.007  1.272  0.2346 0.4691 0.5309   0.706
2187 |  4.397  3.007  1.272  0.2346 0.4691 0.5309   0.706
2268 |  4.397  3.007  1.272  0.2346 0.4691 0.5309   0.706
2349 |  4.397  3.007  1.272  0.2346 0.4691 0.5309   0.706
2430 |  4.397  3.007  1.272  0.2346 0.4691 0.5309   0.706
2511 |  4.397  3.007  1.272  0.2346 0.4691 0.5309   0.706
2592 |  4.397  3.007  1.272  0.2346 0.4691 0.5309   0.706
2673 |  4.397  3.007  1.272  0.2346 0.4691 0.5309   0.706
2754 |  4.397  3.007  1.272  0.2346 0.4691 0.5309   0.706
2835 |  4.397  3.007  1.272  0.2346 0.4691 0.5309   0.706
2916 |  4.397  3.007  1.272  0.2346 0.4691 0.5309   0.706
2997 |  4.397  3.007  1.272  0.2346 0.4691 0.5309   0.706
3078 |  4.397  3.007  1.272  0.2346 0.4691 0.5309   0.706
3159 |  4.397  3.007  1.272  0.2346 0.4691 0.5309   0.706
3240 |  4.397  3.007  1.272  0.2346 0.4691 0.5309   0.706
3321 |  4.397  3.007  1.272  0.2346 0.4691 0.5309   0.706
3402 |  4.397  3.007  1.272  0.2346 0.4691 0.5309   0.706
3483 |  4.397  3.007  1.272  0.2346 0.4691 0.5309   0.706
3564 |  4.397  3.007  1.272  0.2346 0.4691 0.5309   0.706
3645 |  4.397  3.007  1.272  0.2346 0.4691 0.5309   0.706
3726 |  4.397  3.007  1.272  0.2346 0.4691 0.5309   0.706
3807 |  4.397  3.007  1.272  0.2346 0.4691 0.5309   0.706
3888 |  4.397  3.007  1.272  0.2346 0.4691 0.5309   0.706
3969 |  4.397  3.007  1.272  0.2346 0.4691 0.5309   0.706
 113 |  4.397  3.007  1.272  0.2346 0.4691 0.5309   0.706
#
