# Superwater/superwater_010/4ga2_A.pdb
# Protein CA rmsd=  0.000
#  N |   RMSD    Ave    Med   f<0.5  f<1.0  f<1.5
  43 |  7.104  5.812  6.930  0.2093 0.3256 0.3256   0.449
  86 |  4.563  3.280  1.403  0.2791 0.4651 0.5116   0.563
 129 |  3.870  2.696  0.979  0.2791 0.5116 0.5581   0.688
 172 |  3.870  2.696  0.979  0.2791 0.5116 0.5581   0.688
 215 |  3.870  2.696  0.979  0.2791 0.5116 0.5581   0.688
 258 |  3.870  2.696  0.979  0.2791 0.5116 0.5581   0.688
 301 |  3.870  2.696  0.979  0.2791 0.5116 0.5581   0.688
 344 |  3.870  2.696  0.979  0.2791 0.5116 0.5581   0.688
 387 |  3.870  2.696  0.979  0.2791 0.5116 0.5581   0.688
 430 |  3.870  2.696  0.979  0.2791 0.5116 0.5581   0.688
 473 |  3.870  2.696  0.979  0.2791 0.5116 0.5581   0.688
 516 |  3.870  2.696  0.979  0.2791 0.5116 0.5581   0.688
 559 |  3.870  2.696  0.979  0.2791 0.5116 0.5581   0.688
 602 |  3.870  2.696  0.979  0.2791 0.5116 0.5581   0.688
 645 |  3.870  2.696  0.979  0.2791 0.5116 0.5581   0.688
 688 |  3.870  2.696  0.979  0.2791 0.5116 0.5581   0.688
 731 |  3.870  2.696  0.979  0.2791 0.5116 0.5581   0.688
 774 |  3.870  2.696  0.979  0.2791 0.5116 0.5581   0.688
 817 |  3.870  2.696  0.979  0.2791 0.5116 0.5581   0.688
 860 |  3.870  2.696  0.979  0.2791 0.5116 0.5581   0.688
 903 |  3.870  2.696  0.979  0.2791 0.5116 0.5581   0.688
 946 |  3.870  2.696  0.979  0.2791 0.5116 0.5581   0.688
 989 |  3.870  2.696  0.979  0.2791 0.5116 0.5581   0.688
1032 |  3.870  2.696  0.979  0.2791 0.5116 0.5581   0.688
1075 |  3.870  2.696  0.979  0.2791 0.5116 0.5581   0.688
1118 |  3.870  2.696  0.979  0.2791 0.5116 0.5581   0.688
1161 |  3.870  2.696  0.979  0.2791 0.5116 0.5581   0.688
1204 |  3.870  2.696  0.979  0.2791 0.5116 0.5581   0.688
1247 |  3.870  2.696  0.979  0.2791 0.5116 0.5581   0.688
1290 |  3.870  2.696  0.979  0.2791 0.5116 0.5581   0.688
1333 |  3.870  2.696  0.979  0.2791 0.5116 0.5581   0.688
1376 |  3.870  2.696  0.979  0.2791 0.5116 0.5581   0.688
1419 |  3.870  2.696  0.979  0.2791 0.5116 0.5581   0.688
1462 |  3.870  2.696  0.979  0.2791 0.5116 0.5581   0.688
1505 |  3.870  2.696  0.979  0.2791 0.5116 0.5581   0.688
1548 |  3.870  2.696  0.979  0.2791 0.5116 0.5581   0.688
1591 |  3.870  2.696  0.979  0.2791 0.5116 0.5581   0.688
1634 |  3.870  2.696  0.979  0.2791 0.5116 0.5581   0.688
1677 |  3.870  2.696  0.979  0.2791 0.5116 0.5581   0.688
1720 |  3.870  2.696  0.979  0.2791 0.5116 0.5581   0.688
1763 |  3.870  2.696  0.979  0.2791 0.5116 0.5581   0.688
1806 |  3.870  2.696  0.979  0.2791 0.5116 0.5581   0.688
1849 |  3.870  2.696  0.979  0.2791 0.5116 0.5581   0.688
1892 |  3.870  2.696  0.979  0.2791 0.5116 0.5581   0.688
1935 |  3.870  2.696  0.979  0.2791 0.5116 0.5581   0.688
1978 |  3.870  2.696  0.979  0.2791 0.5116 0.5581   0.688
2021 |  3.870  2.696  0.979  0.2791 0.5116 0.5581   0.688
2064 |  3.870  2.696  0.979  0.2791 0.5116 0.5581   0.688
2107 |  3.870  2.696  0.979  0.2791 0.5116 0.5581   0.688
  97 |  3.870  2.696  0.979  0.2791 0.5116 0.5581   0.688
#
