# Superwater/superwater_010/4gnr_A.pdb
# Protein CA rmsd=  0.000
#  N |   RMSD    Ave    Med   f<0.5  f<1.0  f<1.5
 139 |  5.840  4.478  4.154  0.2446 0.3381 0.3597   0.505
 278 |  2.878  1.884  0.734  0.3381 0.5755 0.6547   0.615
 417 |  2.598  1.712  0.734  0.3381 0.5827 0.6691   0.624
 556 |  2.598  1.712  0.734  0.3381 0.5827 0.6691   0.624
 695 |  2.598  1.712  0.734  0.3381 0.5827 0.6691   0.624
 834 |  2.598  1.712  0.734  0.3381 0.5827 0.6691   0.624
 973 |  2.598  1.712  0.734  0.3381 0.5827 0.6691   0.624
1112 |  2.598  1.712  0.734  0.3381 0.5827 0.6691   0.624
1251 |  2.598  1.712  0.734  0.3381 0.5827 0.6691   0.624
1390 |  2.598  1.712  0.734  0.3381 0.5827 0.6691   0.624
1529 |  2.598  1.712  0.734  0.3381 0.5827 0.6691   0.624
1668 |  2.598  1.712  0.734  0.3381 0.5827 0.6691   0.624
1807 |  2.598  1.712  0.734  0.3381 0.5827 0.6691   0.624
1946 |  2.598  1.712  0.734  0.3381 0.5827 0.6691   0.624
2085 |  2.598  1.712  0.734  0.3381 0.5827 0.6691   0.624
2224 |  2.598  1.712  0.734  0.3381 0.5827 0.6691   0.624
2363 |  2.598  1.712  0.734  0.3381 0.5827 0.6691   0.624
2502 |  2.598  1.712  0.734  0.3381 0.5827 0.6691   0.624
2641 |  2.598  1.712  0.734  0.3381 0.5827 0.6691   0.624
2780 |  2.598  1.712  0.734  0.3381 0.5827 0.6691   0.624
2919 |  2.598  1.712  0.734  0.3381 0.5827 0.6691   0.624
3058 |  2.598  1.712  0.734  0.3381 0.5827 0.6691   0.624
3197 |  2.598  1.712  0.734  0.3381 0.5827 0.6691   0.624
3336 |  2.598  1.712  0.734  0.3381 0.5827 0.6691   0.624
3475 |  2.598  1.712  0.734  0.3381 0.5827 0.6691   0.624
3614 |  2.598  1.712  0.734  0.3381 0.5827 0.6691   0.624
3753 |  2.598  1.712  0.734  0.3381 0.5827 0.6691   0.624
3892 |  2.598  1.712  0.734  0.3381 0.5827 0.6691   0.624
4031 |  2.598  1.712  0.734  0.3381 0.5827 0.6691   0.624
4170 |  2.598  1.712  0.734  0.3381 0.5827 0.6691   0.624
4309 |  2.598  1.712  0.734  0.3381 0.5827 0.6691   0.624
4448 |  2.598  1.712  0.734  0.3381 0.5827 0.6691   0.624
4587 |  2.598  1.712  0.734  0.3381 0.5827 0.6691   0.624
4726 |  2.598  1.712  0.734  0.3381 0.5827 0.6691   0.624
4865 |  2.598  1.712  0.734  0.3381 0.5827 0.6691   0.624
5004 |  2.598  1.712  0.734  0.3381 0.5827 0.6691   0.624
5143 |  2.598  1.712  0.734  0.3381 0.5827 0.6691   0.624
5282 |  2.598  1.712  0.734  0.3381 0.5827 0.6691   0.624
5421 |  2.598  1.712  0.734  0.3381 0.5827 0.6691   0.624
5560 |  2.598  1.712  0.734  0.3381 0.5827 0.6691   0.624
5699 |  2.598  1.712  0.734  0.3381 0.5827 0.6691   0.624
5838 |  2.598  1.712  0.734  0.3381 0.5827 0.6691   0.624
5977 |  2.598  1.712  0.734  0.3381 0.5827 0.6691   0.624
6116 |  2.598  1.712  0.734  0.3381 0.5827 0.6691   0.624
6255 |  2.598  1.712  0.734  0.3381 0.5827 0.6691   0.624
6394 |  2.598  1.712  0.734  0.3381 0.5827 0.6691   0.624
6533 |  2.598  1.712  0.734  0.3381 0.5827 0.6691   0.624
6672 |  2.598  1.712  0.734  0.3381 0.5827 0.6691   0.624
6811 |  2.598  1.712  0.734  0.3381 0.5827 0.6691   0.624
 290 |  2.598  1.712  0.734  0.3381 0.5827 0.6691   0.624
#
