# Superwater/superwater_010/4iau_A.pdb
# Protein CA rmsd=  0.000
#  N |   RMSD    Ave    Med   f<0.5  f<1.0  f<1.5
  74 |  4.799  3.188  0.842  0.3514 0.5405 0.5405   0.455
 148 |  2.401  1.505  0.570  0.4189 0.7027 0.7297   0.562
 222 |  2.401  1.505  0.570  0.4189 0.7027 0.7297   0.562
 296 |  2.401  1.505  0.570  0.4189 0.7027 0.7297   0.562
 370 |  2.401  1.505  0.570  0.4189 0.7027 0.7297   0.562
 444 |  2.401  1.505  0.570  0.4189 0.7027 0.7297   0.562
 518 |  2.401  1.505  0.570  0.4189 0.7027 0.7297   0.562
 592 |  2.401  1.505  0.570  0.4189 0.7027 0.7297   0.562
 666 |  2.401  1.505  0.570  0.4189 0.7027 0.7297   0.562
 740 |  2.401  1.505  0.570  0.4189 0.7027 0.7297   0.562
 814 |  2.401  1.505  0.570  0.4189 0.7027 0.7297   0.562
 888 |  2.401  1.505  0.570  0.4189 0.7027 0.7297   0.562
 962 |  2.401  1.505  0.570  0.4189 0.7027 0.7297   0.562
1036 |  2.401  1.505  0.570  0.4189 0.7027 0.7297   0.562
1110 |  2.401  1.505  0.570  0.4189 0.7027 0.7297   0.562
1184 |  2.401  1.505  0.570  0.4189 0.7027 0.7297   0.562
1258 |  2.401  1.505  0.570  0.4189 0.7027 0.7297   0.562
1332 |  2.401  1.505  0.570  0.4189 0.7027 0.7297   0.562
1406 |  2.401  1.505  0.570  0.4189 0.7027 0.7297   0.562
1480 |  2.401  1.505  0.570  0.4189 0.7027 0.7297   0.562
1554 |  2.401  1.505  0.570  0.4189 0.7027 0.7297   0.562
1628 |  2.401  1.505  0.570  0.4189 0.7027 0.7297   0.562
1702 |  2.401  1.505  0.570  0.4189 0.7027 0.7297   0.562
1776 |  2.401  1.505  0.570  0.4189 0.7027 0.7297   0.562
1850 |  2.401  1.505  0.570  0.4189 0.7027 0.7297   0.562
1924 |  2.401  1.505  0.570  0.4189 0.7027 0.7297   0.562
1998 |  2.401  1.505  0.570  0.4189 0.7027 0.7297   0.562
2072 |  2.401  1.505  0.570  0.4189 0.7027 0.7297   0.562
2146 |  2.401  1.505  0.570  0.4189 0.7027 0.7297   0.562
2220 |  2.401  1.505  0.570  0.4189 0.7027 0.7297   0.562
2294 |  2.401  1.505  0.570  0.4189 0.7027 0.7297   0.562
2368 |  2.401  1.505  0.570  0.4189 0.7027 0.7297   0.562
2442 |  2.401  1.505  0.570  0.4189 0.7027 0.7297   0.562
2516 |  2.401  1.505  0.570  0.4189 0.7027 0.7297   0.562
2590 |  2.401  1.505  0.570  0.4189 0.7027 0.7297   0.562
2664 |  2.401  1.505  0.570  0.4189 0.7027 0.7297   0.562
2738 |  2.401  1.505  0.570  0.4189 0.7027 0.7297   0.562
2812 |  2.401  1.505  0.570  0.4189 0.7027 0.7297   0.562
2886 |  2.401  1.505  0.570  0.4189 0.7027 0.7297   0.562
2960 |  2.401  1.505  0.570  0.4189 0.7027 0.7297   0.562
3034 |  2.401  1.505  0.570  0.4189 0.7027 0.7297   0.562
3108 |  2.401  1.505  0.570  0.4189 0.7027 0.7297   0.562
3182 |  2.401  1.505  0.570  0.4189 0.7027 0.7297   0.562
3256 |  2.401  1.505  0.570  0.4189 0.7027 0.7297   0.562
3330 |  2.401  1.505  0.570  0.4189 0.7027 0.7297   0.562
3404 |  2.401  1.505  0.570  0.4189 0.7027 0.7297   0.562
3478 |  2.401  1.505  0.570  0.4189 0.7027 0.7297   0.562
3552 |  2.401  1.505  0.570  0.4189 0.7027 0.7297   0.562
3626 |  2.401  1.505  0.570  0.4189 0.7027 0.7297   0.562
 148 |  2.401  1.505  0.570  0.4189 0.7027 0.7297   0.562
#
