# Superwater/superwater_010/4kqp_A.pdb
# Protein CA rmsd=  0.000
#  N |   RMSD    Ave    Med   f<0.5  f<1.0  f<1.5
  99 |  5.832  4.344  3.773  0.2222 0.4040 0.4343   0.539
 198 |  3.267  2.119  0.796  0.3030 0.5657 0.6263   0.582
 297 |  3.200  2.069  0.796  0.3030 0.5657 0.6364   0.589
 396 |  3.200  2.069  0.796  0.3030 0.5657 0.6364   0.589
 495 |  3.200  2.069  0.796  0.3030 0.5657 0.6364   0.589
 594 |  3.200  2.069  0.796  0.3030 0.5657 0.6364   0.589
 693 |  3.200  2.069  0.796  0.3030 0.5657 0.6364   0.589
 792 |  3.200  2.069  0.796  0.3030 0.5657 0.6364   0.589
 891 |  3.200  2.069  0.796  0.3030 0.5657 0.6364   0.589
 990 |  3.200  2.069  0.796  0.3030 0.5657 0.6364   0.589
1089 |  3.200  2.069  0.796  0.3030 0.5657 0.6364   0.589
1188 |  3.200  2.069  0.796  0.3030 0.5657 0.6364   0.589
1287 |  3.200  2.069  0.796  0.3030 0.5657 0.6364   0.589
1386 |  3.200  2.069  0.796  0.3030 0.5657 0.6364   0.589
1485 |  3.200  2.069  0.796  0.3030 0.5657 0.6364   0.589
1584 |  3.200  2.069  0.796  0.3030 0.5657 0.6364   0.589
1683 |  3.200  2.069  0.796  0.3030 0.5657 0.6364   0.589
1782 |  3.200  2.069  0.796  0.3030 0.5657 0.6364   0.589
1881 |  3.200  2.069  0.796  0.3030 0.5657 0.6364   0.589
1980 |  3.200  2.069  0.796  0.3030 0.5657 0.6364   0.589
2079 |  3.200  2.069  0.796  0.3030 0.5657 0.6364   0.589
2178 |  3.200  2.069  0.796  0.3030 0.5657 0.6364   0.589
2277 |  3.200  2.069  0.796  0.3030 0.5657 0.6364   0.589
2376 |  3.200  2.069  0.796  0.3030 0.5657 0.6364   0.589
2475 |  3.200  2.069  0.796  0.3030 0.5657 0.6364   0.589
2574 |  3.200  2.069  0.796  0.3030 0.5657 0.6364   0.589
2673 |  3.200  2.069  0.796  0.3030 0.5657 0.6364   0.589
2772 |  3.200  2.069  0.796  0.3030 0.5657 0.6364   0.589
2871 |  3.200  2.069  0.796  0.3030 0.5657 0.6364   0.589
2970 |  3.200  2.069  0.796  0.3030 0.5657 0.6364   0.589
3069 |  3.200  2.069  0.796  0.3030 0.5657 0.6364   0.589
3168 |  3.200  2.069  0.796  0.3030 0.5657 0.6364   0.589
3267 |  3.200  2.069  0.796  0.3030 0.5657 0.6364   0.589
3366 |  3.200  2.069  0.796  0.3030 0.5657 0.6364   0.589
3465 |  3.200  2.069  0.796  0.3030 0.5657 0.6364   0.589
3564 |  3.200  2.069  0.796  0.3030 0.5657 0.6364   0.589
3663 |  3.200  2.069  0.796  0.3030 0.5657 0.6364   0.589
3762 |  3.200  2.069  0.796  0.3030 0.5657 0.6364   0.589
3861 |  3.200  2.069  0.796  0.3030 0.5657 0.6364   0.589
3960 |  3.200  2.069  0.796  0.3030 0.5657 0.6364   0.589
4059 |  3.200  2.069  0.796  0.3030 0.5657 0.6364   0.589
4158 |  3.200  2.069  0.796  0.3030 0.5657 0.6364   0.589
4257 |  3.200  2.069  0.796  0.3030 0.5657 0.6364   0.589
4356 |  3.200  2.069  0.796  0.3030 0.5657 0.6364   0.589
4455 |  3.200  2.069  0.796  0.3030 0.5657 0.6364   0.589
4554 |  3.200  2.069  0.796  0.3030 0.5657 0.6364   0.589
4653 |  3.200  2.069  0.796  0.3030 0.5657 0.6364   0.589
4752 |  3.200  2.069  0.796  0.3030 0.5657 0.6364   0.589
4851 |  3.200  2.069  0.796  0.3030 0.5657 0.6364   0.589
 209 |  3.200  2.069  0.796  0.3030 0.5657 0.6364   0.589
#
