# Superwater/superwater_010/4n1i_A.pdb
# Protein CA rmsd=  0.000
#  N |   RMSD    Ave    Med   f<0.5  f<1.0  f<1.5
 146 |  5.191  3.617  1.785  0.3699 0.4384 0.4932   0.491
 292 |  3.130  1.944  0.767  0.4041 0.5274 0.6301   0.564
 438 |  3.130  1.944  0.767  0.4041 0.5274 0.6301   0.564
 584 |  3.130  1.944  0.767  0.4041 0.5274 0.6301   0.564
 730 |  3.130  1.944  0.767  0.4041 0.5274 0.6301   0.564
 876 |  3.130  1.944  0.767  0.4041 0.5274 0.6301   0.564
1022 |  3.130  1.944  0.767  0.4041 0.5274 0.6301   0.564
1168 |  3.130  1.944  0.767  0.4041 0.5274 0.6301   0.564
1314 |  3.130  1.944  0.767  0.4041 0.5274 0.6301   0.564
1460 |  3.130  1.944  0.767  0.4041 0.5274 0.6301   0.564
1606 |  3.130  1.944  0.767  0.4041 0.5274 0.6301   0.564
1752 |  3.130  1.944  0.767  0.4041 0.5274 0.6301   0.564
1898 |  3.130  1.944  0.767  0.4041 0.5274 0.6301   0.564
2044 |  3.130  1.944  0.767  0.4041 0.5274 0.6301   0.564
2190 |  3.130  1.944  0.767  0.4041 0.5274 0.6301   0.564
2336 |  3.130  1.944  0.767  0.4041 0.5274 0.6301   0.564
2482 |  3.130  1.944  0.767  0.4041 0.5274 0.6301   0.564
2628 |  3.130  1.944  0.767  0.4041 0.5274 0.6301   0.564
2774 |  3.130  1.944  0.767  0.4041 0.5274 0.6301   0.564
2920 |  3.130  1.944  0.767  0.4041 0.5274 0.6301   0.564
3066 |  3.130  1.944  0.767  0.4041 0.5274 0.6301   0.564
3212 |  3.130  1.944  0.767  0.4041 0.5274 0.6301   0.564
3358 |  3.130  1.944  0.767  0.4041 0.5274 0.6301   0.564
3504 |  3.130  1.944  0.767  0.4041 0.5274 0.6301   0.564
3650 |  3.130  1.944  0.767  0.4041 0.5274 0.6301   0.564
3796 |  3.130  1.944  0.767  0.4041 0.5274 0.6301   0.564
3942 |  3.130  1.944  0.767  0.4041 0.5274 0.6301   0.564
4088 |  3.130  1.944  0.767  0.4041 0.5274 0.6301   0.564
4234 |  3.130  1.944  0.767  0.4041 0.5274 0.6301   0.564
4380 |  3.130  1.944  0.767  0.4041 0.5274 0.6301   0.564
4526 |  3.130  1.944  0.767  0.4041 0.5274 0.6301   0.564
4672 |  3.130  1.944  0.767  0.4041 0.5274 0.6301   0.564
4818 |  3.130  1.944  0.767  0.4041 0.5274 0.6301   0.564
4964 |  3.130  1.944  0.767  0.4041 0.5274 0.6301   0.564
5110 |  3.130  1.944  0.767  0.4041 0.5274 0.6301   0.564
5256 |  3.130  1.944  0.767  0.4041 0.5274 0.6301   0.564
5402 |  3.130  1.944  0.767  0.4041 0.5274 0.6301   0.564
5548 |  3.130  1.944  0.767  0.4041 0.5274 0.6301   0.564
5694 |  3.130  1.944  0.767  0.4041 0.5274 0.6301   0.564
5840 |  3.130  1.944  0.767  0.4041 0.5274 0.6301   0.564
5986 |  3.130  1.944  0.767  0.4041 0.5274 0.6301   0.564
6132 |  3.130  1.944  0.767  0.4041 0.5274 0.6301   0.564
6278 |  3.130  1.944  0.767  0.4041 0.5274 0.6301   0.564
6424 |  3.130  1.944  0.767  0.4041 0.5274 0.6301   0.564
6570 |  3.130  1.944  0.767  0.4041 0.5274 0.6301   0.564
6716 |  3.130  1.944  0.767  0.4041 0.5274 0.6301   0.564
6862 |  3.130  1.944  0.767  0.4041 0.5274 0.6301   0.564
7008 |  3.130  1.944  0.767  0.4041 0.5274 0.6301   0.564
7154 |  3.130  1.944  0.767  0.4041 0.5274 0.6301   0.564
 250 |  3.130  1.944  0.767  0.4041 0.5274 0.6301   0.564
#
