# Superwater/superwater_010/4nsv_A.pdb
# Protein CA rmsd=  0.000
#  N |   RMSD    Ave    Med   f<0.5  f<1.0  f<1.5
 122 |  5.087  3.595  1.599  0.2705 0.4590 0.5000   0.542
 244 |  2.912  1.912  0.736  0.3197 0.5820 0.6721   0.611
 366 |  2.912  1.912  0.736  0.3197 0.5820 0.6721   0.611
 488 |  2.912  1.912  0.736  0.3197 0.5820 0.6721   0.611
 610 |  2.912  1.912  0.736  0.3197 0.5820 0.6721   0.611
 732 |  2.912  1.912  0.736  0.3197 0.5820 0.6721   0.611
 854 |  2.912  1.912  0.736  0.3197 0.5820 0.6721   0.611
 976 |  2.912  1.912  0.736  0.3197 0.5820 0.6721   0.611
1098 |  2.912  1.912  0.736  0.3197 0.5820 0.6721   0.611
1220 |  2.912  1.912  0.736  0.3197 0.5820 0.6721   0.611
1342 |  2.912  1.912  0.736  0.3197 0.5820 0.6721   0.611
1464 |  2.912  1.912  0.736  0.3197 0.5820 0.6721   0.611
1586 |  2.912  1.912  0.736  0.3197 0.5820 0.6721   0.611
1708 |  2.912  1.912  0.736  0.3197 0.5820 0.6721   0.611
1830 |  2.912  1.912  0.736  0.3197 0.5820 0.6721   0.611
1952 |  2.912  1.912  0.736  0.3197 0.5820 0.6721   0.611
2074 |  2.912  1.912  0.736  0.3197 0.5820 0.6721   0.611
2196 |  2.912  1.912  0.736  0.3197 0.5820 0.6721   0.611
2318 |  2.912  1.912  0.736  0.3197 0.5820 0.6721   0.611
2440 |  2.912  1.912  0.736  0.3197 0.5820 0.6721   0.611
2562 |  2.912  1.912  0.736  0.3197 0.5820 0.6721   0.611
2684 |  2.912  1.912  0.736  0.3197 0.5820 0.6721   0.611
2806 |  2.912  1.912  0.736  0.3197 0.5820 0.6721   0.611
2928 |  2.912  1.912  0.736  0.3197 0.5820 0.6721   0.611
3050 |  2.912  1.912  0.736  0.3197 0.5820 0.6721   0.611
3172 |  2.912  1.912  0.736  0.3197 0.5820 0.6721   0.611
3294 |  2.912  1.912  0.736  0.3197 0.5820 0.6721   0.611
3416 |  2.912  1.912  0.736  0.3197 0.5820 0.6721   0.611
3538 |  2.912  1.912  0.736  0.3197 0.5820 0.6721   0.611
3660 |  2.912  1.912  0.736  0.3197 0.5820 0.6721   0.611
3782 |  2.912  1.912  0.736  0.3197 0.5820 0.6721   0.611
3904 |  2.912  1.912  0.736  0.3197 0.5820 0.6721   0.611
4026 |  2.912  1.912  0.736  0.3197 0.5820 0.6721   0.611
4148 |  2.912  1.912  0.736  0.3197 0.5820 0.6721   0.611
4270 |  2.912  1.912  0.736  0.3197 0.5820 0.6721   0.611
4392 |  2.912  1.912  0.736  0.3197 0.5820 0.6721   0.611
4514 |  2.912  1.912  0.736  0.3197 0.5820 0.6721   0.611
4636 |  2.912  1.912  0.736  0.3197 0.5820 0.6721   0.611
4758 |  2.912  1.912  0.736  0.3197 0.5820 0.6721   0.611
4880 |  2.912  1.912  0.736  0.3197 0.5820 0.6721   0.611
5002 |  2.912  1.912  0.736  0.3197 0.5820 0.6721   0.611
5124 |  2.912  1.912  0.736  0.3197 0.5820 0.6721   0.611
5246 |  2.912  1.912  0.736  0.3197 0.5820 0.6721   0.611
5368 |  2.912  1.912  0.736  0.3197 0.5820 0.6721   0.611
5490 |  2.912  1.912  0.736  0.3197 0.5820 0.6721   0.611
5612 |  2.912  1.912  0.736  0.3197 0.5820 0.6721   0.611
5734 |  2.912  1.912  0.736  0.3197 0.5820 0.6721   0.611
5856 |  2.912  1.912  0.736  0.3197 0.5820 0.6721   0.611
5978 |  2.912  1.912  0.736  0.3197 0.5820 0.6721   0.611
 225 |  2.912  1.912  0.736  0.3197 0.5820 0.6721   0.611
#
