# Superwater/superwater_010/4o6u_A.pdb
# Protein CA rmsd=  0.000
#  N |   RMSD    Ave    Med   f<0.5  f<1.0  f<1.5
  72 |  5.708  4.261  3.623  0.2639 0.3889 0.4028   0.521
 144 |  3.179  2.153  0.800  0.3333 0.5556 0.6111   0.604
 216 |  3.179  2.153  0.800  0.3333 0.5556 0.6111   0.604
 288 |  3.179  2.153  0.800  0.3333 0.5556 0.6111   0.604
 360 |  3.179  2.153  0.800  0.3333 0.5556 0.6111   0.604
 432 |  3.179  2.153  0.800  0.3333 0.5556 0.6111   0.604
 504 |  3.179  2.153  0.800  0.3333 0.5556 0.6111   0.604
 576 |  3.179  2.153  0.800  0.3333 0.5556 0.6111   0.604
 648 |  3.179  2.153  0.800  0.3333 0.5556 0.6111   0.604
 720 |  3.179  2.153  0.800  0.3333 0.5556 0.6111   0.604
 792 |  3.179  2.153  0.800  0.3333 0.5556 0.6111   0.604
 864 |  3.179  2.153  0.800  0.3333 0.5556 0.6111   0.604
 936 |  3.179  2.153  0.800  0.3333 0.5556 0.6111   0.604
1008 |  3.179  2.153  0.800  0.3333 0.5556 0.6111   0.604
1080 |  3.179  2.153  0.800  0.3333 0.5556 0.6111   0.604
1152 |  3.179  2.153  0.800  0.3333 0.5556 0.6111   0.604
1224 |  3.179  2.153  0.800  0.3333 0.5556 0.6111   0.604
1296 |  3.179  2.153  0.800  0.3333 0.5556 0.6111   0.604
1368 |  3.179  2.153  0.800  0.3333 0.5556 0.6111   0.604
1440 |  3.179  2.153  0.800  0.3333 0.5556 0.6111   0.604
1512 |  3.179  2.153  0.800  0.3333 0.5556 0.6111   0.604
1584 |  3.179  2.153  0.800  0.3333 0.5556 0.6111   0.604
1656 |  3.179  2.153  0.800  0.3333 0.5556 0.6111   0.604
1728 |  3.179  2.153  0.800  0.3333 0.5556 0.6111   0.604
1800 |  3.179  2.153  0.800  0.3333 0.5556 0.6111   0.604
1872 |  3.179  2.153  0.800  0.3333 0.5556 0.6111   0.604
1944 |  3.179  2.153  0.800  0.3333 0.5556 0.6111   0.604
2016 |  3.179  2.153  0.800  0.3333 0.5556 0.6111   0.604
2088 |  3.179  2.153  0.800  0.3333 0.5556 0.6111   0.604
2160 |  3.179  2.153  0.800  0.3333 0.5556 0.6111   0.604
2232 |  3.179  2.153  0.800  0.3333 0.5556 0.6111   0.604
2304 |  3.179  2.153  0.800  0.3333 0.5556 0.6111   0.604
2376 |  3.179  2.153  0.800  0.3333 0.5556 0.6111   0.604
2448 |  3.179  2.153  0.800  0.3333 0.5556 0.6111   0.604
2520 |  3.179  2.153  0.800  0.3333 0.5556 0.6111   0.604
2592 |  3.179  2.153  0.800  0.3333 0.5556 0.6111   0.604
2664 |  3.179  2.153  0.800  0.3333 0.5556 0.6111   0.604
2736 |  3.179  2.153  0.800  0.3333 0.5556 0.6111   0.604
2808 |  3.179  2.153  0.800  0.3333 0.5556 0.6111   0.604
2880 |  3.179  2.153  0.800  0.3333 0.5556 0.6111   0.604
2952 |  3.179  2.153  0.800  0.3333 0.5556 0.6111   0.604
3024 |  3.179  2.153  0.800  0.3333 0.5556 0.6111   0.604
3096 |  3.179  2.153  0.800  0.3333 0.5556 0.6111   0.604
3168 |  3.179  2.153  0.800  0.3333 0.5556 0.6111   0.604
3240 |  3.179  2.153  0.800  0.3333 0.5556 0.6111   0.604
3312 |  3.179  2.153  0.800  0.3333 0.5556 0.6111   0.604
3384 |  3.179  2.153  0.800  0.3333 0.5556 0.6111   0.604
3456 |  3.179  2.153  0.800  0.3333 0.5556 0.6111   0.604
3528 |  3.179  2.153  0.800  0.3333 0.5556 0.6111   0.604
 133 |  3.179  2.153  0.800  0.3333 0.5556 0.6111   0.604
#
