# Superwater/superwater_010/4psy_A.pdb
# Protein CA rmsd=  0.000
#  N |   RMSD    Ave    Med   f<0.5  f<1.0  f<1.5
  69 |  5.605  3.995  2.259  0.2464 0.4493 0.4638   0.522
 138 |  3.542  2.411  0.962  0.2754 0.5072 0.5362   0.635
 207 |  3.542  2.411  0.962  0.2754 0.5072 0.5362   0.635
 276 |  3.542  2.411  0.962  0.2754 0.5072 0.5362   0.635
 345 |  3.542  2.411  0.962  0.2754 0.5072 0.5362   0.635
 414 |  3.542  2.411  0.962  0.2754 0.5072 0.5362   0.635
 483 |  3.542  2.411  0.962  0.2754 0.5072 0.5362   0.635
 552 |  3.542  2.411  0.962  0.2754 0.5072 0.5362   0.635
 621 |  3.542  2.411  0.962  0.2754 0.5072 0.5362   0.635
 690 |  3.542  2.411  0.962  0.2754 0.5072 0.5362   0.635
 759 |  3.542  2.411  0.962  0.2754 0.5072 0.5362   0.635
 828 |  3.542  2.411  0.962  0.2754 0.5072 0.5362   0.635
 897 |  3.542  2.411  0.962  0.2754 0.5072 0.5362   0.635
 966 |  3.542  2.411  0.962  0.2754 0.5072 0.5362   0.635
1035 |  3.542  2.411  0.962  0.2754 0.5072 0.5362   0.635
1104 |  3.542  2.411  0.962  0.2754 0.5072 0.5362   0.635
1173 |  3.542  2.411  0.962  0.2754 0.5072 0.5362   0.635
1242 |  3.542  2.411  0.962  0.2754 0.5072 0.5362   0.635
1311 |  3.542  2.411  0.962  0.2754 0.5072 0.5362   0.635
1380 |  3.542  2.411  0.962  0.2754 0.5072 0.5362   0.635
1449 |  3.542  2.411  0.962  0.2754 0.5072 0.5362   0.635
1518 |  3.542  2.411  0.962  0.2754 0.5072 0.5362   0.635
1587 |  3.542  2.411  0.962  0.2754 0.5072 0.5362   0.635
1656 |  3.542  2.411  0.962  0.2754 0.5072 0.5362   0.635
1725 |  3.542  2.411  0.962  0.2754 0.5072 0.5362   0.635
1794 |  3.542  2.411  0.962  0.2754 0.5072 0.5362   0.635
1863 |  3.542  2.411  0.962  0.2754 0.5072 0.5362   0.635
1932 |  3.542  2.411  0.962  0.2754 0.5072 0.5362   0.635
2001 |  3.542  2.411  0.962  0.2754 0.5072 0.5362   0.635
2070 |  3.542  2.411  0.962  0.2754 0.5072 0.5362   0.635
2139 |  3.542  2.411  0.962  0.2754 0.5072 0.5362   0.635
2208 |  3.542  2.411  0.962  0.2754 0.5072 0.5362   0.635
2277 |  3.542  2.411  0.962  0.2754 0.5072 0.5362   0.635
2346 |  3.542  2.411  0.962  0.2754 0.5072 0.5362   0.635
2415 |  3.542  2.411  0.962  0.2754 0.5072 0.5362   0.635
2484 |  3.542  2.411  0.962  0.2754 0.5072 0.5362   0.635
2553 |  3.542  2.411  0.962  0.2754 0.5072 0.5362   0.635
2622 |  3.542  2.411  0.962  0.2754 0.5072 0.5362   0.635
2691 |  3.542  2.411  0.962  0.2754 0.5072 0.5362   0.635
2760 |  3.542  2.411  0.962  0.2754 0.5072 0.5362   0.635
2829 |  3.542  2.411  0.962  0.2754 0.5072 0.5362   0.635
2898 |  3.542  2.411  0.962  0.2754 0.5072 0.5362   0.635
2967 |  3.542  2.411  0.962  0.2754 0.5072 0.5362   0.635
3036 |  3.542  2.411  0.962  0.2754 0.5072 0.5362   0.635
3105 |  3.542  2.411  0.962  0.2754 0.5072 0.5362   0.635
3174 |  3.542  2.411  0.962  0.2754 0.5072 0.5362   0.635
3243 |  3.542  2.411  0.962  0.2754 0.5072 0.5362   0.635
3312 |  3.542  2.411  0.962  0.2754 0.5072 0.5362   0.635
3381 |  3.542  2.411  0.962  0.2754 0.5072 0.5362   0.635
 120 |  3.542  2.411  0.962  0.2754 0.5072 0.5362   0.635
#
