# Superwater/superwater_010/4u9h_S.pdb
# Protein CA rmsd=  0.000
#  N |   RMSD    Ave    Med   f<0.5  f<1.0  f<1.5
 101 |  5.747  4.265  3.494  0.2574 0.3762 0.4257   0.547
 202 |  2.896  1.890  0.921  0.2970 0.5149 0.6337   0.720
 303 |  2.896  1.890  0.921  0.2970 0.5149 0.6337   0.720
 404 |  2.896  1.890  0.921  0.2970 0.5149 0.6337   0.720
 505 |  2.896  1.890  0.921  0.2970 0.5149 0.6337   0.720
 606 |  2.896  1.890  0.921  0.2970 0.5149 0.6337   0.720
 707 |  2.896  1.890  0.921  0.2970 0.5149 0.6337   0.720
 808 |  2.896  1.890  0.921  0.2970 0.5149 0.6337   0.720
 909 |  2.896  1.890  0.921  0.2970 0.5149 0.6337   0.720
1010 |  2.896  1.890  0.921  0.2970 0.5149 0.6337   0.720
1111 |  2.896  1.890  0.921  0.2970 0.5149 0.6337   0.720
1212 |  2.896  1.890  0.921  0.2970 0.5149 0.6337   0.720
1313 |  2.896  1.890  0.921  0.2970 0.5149 0.6337   0.720
1414 |  2.896  1.890  0.921  0.2970 0.5149 0.6337   0.720
1515 |  2.896  1.890  0.921  0.2970 0.5149 0.6337   0.720
1616 |  2.896  1.890  0.921  0.2970 0.5149 0.6337   0.720
1717 |  2.896  1.890  0.921  0.2970 0.5149 0.6337   0.720
1818 |  2.896  1.890  0.921  0.2970 0.5149 0.6337   0.720
1919 |  2.896  1.890  0.921  0.2970 0.5149 0.6337   0.720
2020 |  2.896  1.890  0.921  0.2970 0.5149 0.6337   0.720
2121 |  2.896  1.890  0.921  0.2970 0.5149 0.6337   0.720
2222 |  2.896  1.890  0.921  0.2970 0.5149 0.6337   0.720
2323 |  2.896  1.890  0.921  0.2970 0.5149 0.6337   0.720
2424 |  2.896  1.890  0.921  0.2970 0.5149 0.6337   0.720
2525 |  2.896  1.890  0.921  0.2970 0.5149 0.6337   0.720
2626 |  2.896  1.890  0.921  0.2970 0.5149 0.6337   0.720
2727 |  2.896  1.890  0.921  0.2970 0.5149 0.6337   0.720
2828 |  2.896  1.890  0.921  0.2970 0.5149 0.6337   0.720
2929 |  2.896  1.890  0.921  0.2970 0.5149 0.6337   0.720
3030 |  2.896  1.890  0.921  0.2970 0.5149 0.6337   0.720
3131 |  2.896  1.890  0.921  0.2970 0.5149 0.6337   0.720
3232 |  2.896  1.890  0.921  0.2970 0.5149 0.6337   0.720
3333 |  2.896  1.890  0.921  0.2970 0.5149 0.6337   0.720
3434 |  2.896  1.890  0.921  0.2970 0.5149 0.6337   0.720
3535 |  2.896  1.890  0.921  0.2970 0.5149 0.6337   0.720
3636 |  2.896  1.890  0.921  0.2970 0.5149 0.6337   0.720
3737 |  2.896  1.890  0.921  0.2970 0.5149 0.6337   0.720
3838 |  2.896  1.890  0.921  0.2970 0.5149 0.6337   0.720
3939 |  2.896  1.890  0.921  0.2970 0.5149 0.6337   0.720
4040 |  2.896  1.890  0.921  0.2970 0.5149 0.6337   0.720
4141 |  2.896  1.890  0.921  0.2970 0.5149 0.6337   0.720
4242 |  2.896  1.890  0.921  0.2970 0.5149 0.6337   0.720
4343 |  2.896  1.890  0.921  0.2970 0.5149 0.6337   0.720
4444 |  2.896  1.890  0.921  0.2970 0.5149 0.6337   0.720
4545 |  2.896  1.890  0.921  0.2970 0.5149 0.6337   0.720
4646 |  2.896  1.890  0.921  0.2970 0.5149 0.6337   0.720
4747 |  2.896  1.890  0.921  0.2970 0.5149 0.6337   0.720
4848 |  2.896  1.890  0.921  0.2970 0.5149 0.6337   0.720
4949 |  2.896  1.890  0.921  0.2970 0.5149 0.6337   0.720
 195 |  2.896  1.890  0.921  0.2970 0.5149 0.6337   0.720
#
