# Superwater/superwater_010/4wee_A.pdb
# Protein CA rmsd=  0.000
#  N |   RMSD    Ave    Med   f<0.5  f<1.0  f<1.5
  43 |  6.133  4.760  4.207  0.2093 0.3488 0.3488   0.442
  86 |  3.126  2.167  0.664  0.3023 0.5581 0.5581   0.552
 129 |  2.977  2.034  0.630  0.3023 0.5814 0.5814   0.553
 172 |  2.977  2.034  0.630  0.3023 0.5814 0.5814   0.553
 215 |  2.977  2.034  0.630  0.3023 0.5814 0.5814   0.553
 258 |  2.977  2.034  0.630  0.3023 0.5814 0.5814   0.553
 301 |  2.977  2.034  0.630  0.3023 0.5814 0.5814   0.553
 344 |  2.977  2.034  0.630  0.3023 0.5814 0.5814   0.553
 387 |  2.977  2.034  0.630  0.3023 0.5814 0.5814   0.553
 430 |  2.977  2.034  0.630  0.3023 0.5814 0.5814   0.553
 473 |  2.977  2.034  0.630  0.3023 0.5814 0.5814   0.553
 516 |  2.977  2.034  0.630  0.3023 0.5814 0.5814   0.553
 559 |  2.977  2.034  0.630  0.3023 0.5814 0.5814   0.553
 602 |  2.977  2.034  0.630  0.3023 0.5814 0.5814   0.553
 645 |  2.977  2.034  0.630  0.3023 0.5814 0.5814   0.553
 688 |  2.977  2.034  0.630  0.3023 0.5814 0.5814   0.553
 731 |  2.977  2.034  0.630  0.3023 0.5814 0.5814   0.553
 774 |  2.977  2.034  0.630  0.3023 0.5814 0.5814   0.553
 817 |  2.977  2.034  0.630  0.3023 0.5814 0.5814   0.553
 860 |  2.977  2.034  0.630  0.3023 0.5814 0.5814   0.553
 903 |  2.977  2.034  0.630  0.3023 0.5814 0.5814   0.553
 946 |  2.977  2.034  0.630  0.3023 0.5814 0.5814   0.553
 989 |  2.977  2.034  0.630  0.3023 0.5814 0.5814   0.553
1032 |  2.977  2.034  0.630  0.3023 0.5814 0.5814   0.553
1075 |  2.977  2.034  0.630  0.3023 0.5814 0.5814   0.553
1118 |  2.977  2.034  0.630  0.3023 0.5814 0.5814   0.553
1161 |  2.977  2.034  0.630  0.3023 0.5814 0.5814   0.553
1204 |  2.977  2.034  0.630  0.3023 0.5814 0.5814   0.553
1247 |  2.977  2.034  0.630  0.3023 0.5814 0.5814   0.553
1290 |  2.977  2.034  0.630  0.3023 0.5814 0.5814   0.553
1333 |  2.977  2.034  0.630  0.3023 0.5814 0.5814   0.553
1376 |  2.977  2.034  0.630  0.3023 0.5814 0.5814   0.553
1419 |  2.977  2.034  0.630  0.3023 0.5814 0.5814   0.553
1462 |  2.977  2.034  0.630  0.3023 0.5814 0.5814   0.553
1505 |  2.977  2.034  0.630  0.3023 0.5814 0.5814   0.553
1548 |  2.977  2.034  0.630  0.3023 0.5814 0.5814   0.553
1591 |  2.977  2.034  0.630  0.3023 0.5814 0.5814   0.553
1634 |  2.977  2.034  0.630  0.3023 0.5814 0.5814   0.553
1677 |  2.977  2.034  0.630  0.3023 0.5814 0.5814   0.553
1720 |  2.977  2.034  0.630  0.3023 0.5814 0.5814   0.553
1763 |  2.977  2.034  0.630  0.3023 0.5814 0.5814   0.553
1806 |  2.977  2.034  0.630  0.3023 0.5814 0.5814   0.553
1849 |  2.977  2.034  0.630  0.3023 0.5814 0.5814   0.553
1892 |  2.977  2.034  0.630  0.3023 0.5814 0.5814   0.553
1935 |  2.977  2.034  0.630  0.3023 0.5814 0.5814   0.553
1978 |  2.977  2.034  0.630  0.3023 0.5814 0.5814   0.553
2021 |  2.977  2.034  0.630  0.3023 0.5814 0.5814   0.553
2064 |  2.977  2.034  0.630  0.3023 0.5814 0.5814   0.553
2107 |  2.977  2.034  0.630  0.3023 0.5814 0.5814   0.553
  91 |  2.977  2.034  0.630  0.3023 0.5814 0.5814   0.553
#
