# Superwater/superwater_010/7a3h_A.pdb
# Protein CA rmsd=  0.000
#  N |   RMSD    Ave    Med   f<0.5  f<1.0  f<1.5
 129 |  5.516  3.977  2.789  0.2868 0.4264 0.4651   0.567
 258 |  2.755  1.725  0.699  0.3566 0.6202 0.7209   0.662
 387 |  2.755  1.725  0.699  0.3566 0.6202 0.7209   0.662
 516 |  2.755  1.725  0.699  0.3566 0.6202 0.7209   0.662
 645 |  2.755  1.725  0.699  0.3566 0.6202 0.7209   0.662
 774 |  2.755  1.725  0.699  0.3566 0.6202 0.7209   0.662
 903 |  2.755  1.725  0.699  0.3566 0.6202 0.7209   0.662
1032 |  2.755  1.725  0.699  0.3566 0.6202 0.7209   0.662
1161 |  2.755  1.725  0.699  0.3566 0.6202 0.7209   0.662
1290 |  2.755  1.725  0.699  0.3566 0.6202 0.7209   0.662
1419 |  2.755  1.725  0.699  0.3566 0.6202 0.7209   0.662
1548 |  2.755  1.725  0.699  0.3566 0.6202 0.7209   0.662
1677 |  2.755  1.725  0.699  0.3566 0.6202 0.7209   0.662
1806 |  2.755  1.725  0.699  0.3566 0.6202 0.7209   0.662
1935 |  2.755  1.725  0.699  0.3566 0.6202 0.7209   0.662
2064 |  2.755  1.725  0.699  0.3566 0.6202 0.7209   0.662
2193 |  2.755  1.725  0.699  0.3566 0.6202 0.7209   0.662
2322 |  2.755  1.725  0.699  0.3566 0.6202 0.7209   0.662
2451 |  2.755  1.725  0.699  0.3566 0.6202 0.7209   0.662
2580 |  2.755  1.725  0.699  0.3566 0.6202 0.7209   0.662
2709 |  2.755  1.725  0.699  0.3566 0.6202 0.7209   0.662
2838 |  2.755  1.725  0.699  0.3566 0.6202 0.7209   0.662
2967 |  2.755  1.725  0.699  0.3566 0.6202 0.7209   0.662
3096 |  2.755  1.725  0.699  0.3566 0.6202 0.7209   0.662
3225 |  2.755  1.725  0.699  0.3566 0.6202 0.7209   0.662
3354 |  2.755  1.725  0.699  0.3566 0.6202 0.7209   0.662
3483 |  2.755  1.725  0.699  0.3566 0.6202 0.7209   0.662
3612 |  2.755  1.725  0.699  0.3566 0.6202 0.7209   0.662
3741 |  2.755  1.725  0.699  0.3566 0.6202 0.7209   0.662
3870 |  2.755  1.725  0.699  0.3566 0.6202 0.7209   0.662
3999 |  2.755  1.725  0.699  0.3566 0.6202 0.7209   0.662
4128 |  2.755  1.725  0.699  0.3566 0.6202 0.7209   0.662
4257 |  2.755  1.725  0.699  0.3566 0.6202 0.7209   0.662
4386 |  2.755  1.725  0.699  0.3566 0.6202 0.7209   0.662
4515 |  2.755  1.725  0.699  0.3566 0.6202 0.7209   0.662
4644 |  2.755  1.725  0.699  0.3566 0.6202 0.7209   0.662
4773 |  2.755  1.725  0.699  0.3566 0.6202 0.7209   0.662
4902 |  2.755  1.725  0.699  0.3566 0.6202 0.7209   0.662
5031 |  2.755  1.725  0.699  0.3566 0.6202 0.7209   0.662
5160 |  2.755  1.725  0.699  0.3566 0.6202 0.7209   0.662
5289 |  2.755  1.725  0.699  0.3566 0.6202 0.7209   0.662
5418 |  2.755  1.725  0.699  0.3566 0.6202 0.7209   0.662
5547 |  2.755  1.725  0.699  0.3566 0.6202 0.7209   0.662
5676 |  2.755  1.725  0.699  0.3566 0.6202 0.7209   0.662
5805 |  2.755  1.725  0.699  0.3566 0.6202 0.7209   0.662
5934 |  2.755  1.725  0.699  0.3566 0.6202 0.7209   0.662
6063 |  2.755  1.725  0.699  0.3566 0.6202 0.7209   0.662
6192 |  2.755  1.725  0.699  0.3566 0.6202 0.7209   0.662
6321 |  2.755  1.725  0.699  0.3566 0.6202 0.7209   0.662
 255 |  2.755  1.725  0.699  0.3566 0.6202 0.7209   0.662
#
