# Hydraprot_sorted/1byi_A.pdb
# Protein CA rmsd=  0.000
#  N   Nprd scorecut |   RMSD    Ave    Med   TP<0.5  TP<1.0  TP<1.5
    87     20  0.500 |  8.857  8.064 10.000      12     13     13   0.276
    87     30  0.475 |  8.229  7.101 10.000      17     20     20   0.296
    87     32  0.450 |  8.130  6.975 10.000      17     21     21   0.321
    87     36  0.425 |  7.856  6.583 10.000      19     23     24   0.346
    87     42  0.400 |  7.546  6.180 10.000      21     25     26   0.344
    87     48  0.375 |  7.219  5.807  7.183      22     26     28   0.374
    87     56  0.350 |  6.882  5.442  6.095      23     28     30   0.392
    87     67  0.325 |  6.144  4.651  4.022      25     31     34   0.428
    87     79  0.300 |  5.548  4.003  3.023      28     35     39   0.445
    87     97  0.275 |  4.481  2.995  1.145      33     43     47   0.444
    87    103  0.250 |  4.143  2.701  0.960      35     46     50   0.442
    87    118  0.225 |  3.584  2.140  0.527      40     54     58   0.436
    87    139  0.200 |  3.116  1.853  0.507      42     57     61   0.435
    87    153  0.175 |  2.890  1.717  0.503      43     58     62   0.433
    87    189  0.150 |  2.243  1.308  0.482      45     62     67   0.444
    87    222  0.125 |  1.956  1.135  0.469      46     63     69   0.470
    87    282  0.100 |  1.524  0.898  0.469      46     67     74   0.503
    87    340  0.075 |  1.013  0.698  0.469      47     70     77   0.518
    87    451  0.050 |  0.816  0.613  0.464      48     72     79   0.531
    87    451  0.025 |  0.816  0.613  0.464      48     72     79   0.531
#