# Hydraprot_sorted/1c7k_A.pdb
# Protein CA rmsd=  0.000
#  N   Nprd scorecut |   RMSD    Ave    Med   TP<0.5  TP<1.0  TP<1.5
    34      5  0.500 |  9.394  8.866 10.000       3      4      4   0.365
    34      9  0.475 |  8.793  7.925 10.000       4      6      6   0.420
    34     11  0.450 |  8.453  7.365 10.000       5      8      8   0.435
    34     15  0.425 |  7.915  6.510 10.000       8     11     11   0.402
    34     18  0.400 |  7.597  6.133 10.000       8     12     12   0.421
    34     23  0.375 |  6.997  5.354  4.743      10     14     14   0.393
    34     28  0.350 |  6.527  4.790  4.359      12     16     16   0.381
    34     32  0.325 |  6.197  4.432  2.383      13     17     17   0.374
    34     38  0.300 |  5.337  3.390  0.529      17     21     21   0.336
    34     48  0.275 |  4.498  2.764  0.529      17     22     22   0.354
    34     52  0.250 |  4.304  2.660  0.529      17     22     22   0.354
    34     68  0.225 |  3.562  2.104  0.455      18     23     23   0.358
    34     88  0.200 |  2.519  1.351  0.393      22     27     27   0.362
    34     96  0.175 |  2.145  1.181  0.393      22     27     27   0.416
    34    117  0.150 |  1.446  0.846  0.393      22     28     28   0.473
    34    140  0.125 |  1.267  0.764  0.393      22     28     29   0.493
    34    175  0.100 |  0.823  0.594  0.393      22     29     30   0.537
    34    209  0.075 |  0.823  0.594  0.393      22     29     30   0.537
    34    271  0.050 |  0.660  0.503  0.393      22     31     33   0.443
    34    271  0.025 |  0.660  0.503  0.393      22     31     33   0.443
#