# Hydraprot_sorted/1eb6_A.pdb
# Protein CA rmsd=  0.000
#  N   Nprd scorecut |   RMSD    Ave    Med   TP<0.5  TP<1.0  TP<1.5
    67     21  0.500 |  8.402  7.166 10.000      18     19     19   0.251
    67     25  0.475 |  8.200  6.909 10.000      19     20     20   0.241
    67     27  0.450 |  8.016  6.619 10.000      21     22     22   0.244
    67     33  0.425 |  7.522  5.931 10.000      25     26     26   0.244
    67     34  0.400 |  7.449  5.859 10.000      25     26     26   0.244
    67     42  0.375 |  6.914  5.209  5.665      27     29     29   0.251
    67     45  0.350 |  6.707  4.918  5.166      29     31     31   0.249
    67     57  0.325 |  5.796  3.951  0.460      34     36     36   0.249
    67     63  0.300 |  5.504  3.694  0.429      35     37     37   0.251
    67     72  0.275 |  4.715  2.951  0.368      37     41     41   0.271
    67     83  0.250 |  4.076  2.391  0.354      41     45     45   0.273
    67     98  0.225 |  3.411  1.849  0.344      43     47     49   0.310
    67    120  0.200 |  2.369  1.255  0.328      46     50     52   0.307
    67    136  0.175 |  2.287  1.208  0.328      46     50     52   0.307
    67    162  0.150 |  1.725  0.908  0.307      49     54     56   0.313
    67    182  0.125 |  1.634  0.823  0.288      51     56     58   0.311
    67    232  0.100 |  1.170  0.623  0.288      52     57     62   0.357
    67    283  0.075 |  0.931  0.536  0.288      52     58     63   0.390
    67    353  0.050 |  0.632  0.448  0.288      52     58     64   0.422
    67    353  0.025 |  0.632  0.448  0.288      52     58     64   0.422
#