# Hydraprot_sorted/1g66_A.pdb
# Protein CA rmsd=  0.000
#  N   Nprd scorecut |   RMSD    Ave    Med   TP<0.5  TP<1.0  TP<1.5
    71     16  0.500 |  8.937  8.186 10.000      11     11     11   0.220
    71     21  0.475 |  8.639  7.736 10.000      13     13     13   0.234
    71     28  0.450 |  8.083  6.888 10.000      17     18     18   0.262
    71     35  0.425 |  7.649  6.321 10.000      20     21     21   0.284
    71     40  0.400 |  7.234  5.721  6.906      23     25     25   0.291
    71     44  0.375 |  6.941  5.329  5.521      26     28     28   0.285
    71     51  0.350 |  6.504  4.903  4.802      26     29     29   0.293
    71     60  0.325 |  5.899  4.316  4.396      28     31     31   0.287
    71     67  0.300 |  5.446  3.829  2.472      31     34     34   0.283
    71     81  0.275 |  4.363  2.847  0.514      35     39     40   0.330
    71     88  0.250 |  4.005  2.561  0.463      36     41     42   0.336
    71    101  0.225 |  3.400  2.056  0.462      37     45     47   0.395
    71    124  0.200 |  2.524  1.552  0.448      38     47     50   0.414
    71    142  0.175 |  2.316  1.380  0.448      38     49     53   0.440
    71    180  0.150 |  2.013  1.158  0.419      39     51     56   0.467
    71    204  0.125 |  1.590  0.931  0.419      40     54     59   0.472
    71    254  0.100 |  1.329  0.764  0.384      43     57     62   0.466
    71    300  0.075 |  1.230  0.705  0.384      44     58     63   0.483
    71    383  0.050 |  0.617  0.496  0.374      46     62     69   0.496
    71    383  0.025 |  0.617  0.496  0.374      46     62     69   0.496
#