# Hydraprot_sorted/1ga6_A.pdb
# Protein CA rmsd=  0.000
#  N   Nprd scorecut |   RMSD    Ave    Med   TP<0.5  TP<1.0  TP<1.5
   121     26  0.500 |  8.922  8.107 10.000      19     20     20   0.326
   121     30  0.475 |  8.747  7.835 10.000      21     22     22   0.306
   121     36  0.450 |  8.459  7.354 10.000      27     28     28   0.304
   121     43  0.425 |  8.151  6.915 10.000      30     32     32   0.314
   121     53  0.400 |  7.775  6.395 10.000      34     37     37   0.300
   121     70  0.375 |  7.139  5.511  7.544      42     47     47   0.302
   121     80  0.350 |  6.755  5.027  4.994      47     52     52   0.293
   121     91  0.325 |  6.292  4.498  2.525      51     58     58   0.309
   121    104  0.300 |  5.841  4.002  0.623      54     64     64   0.324
   121    126  0.275 |  5.066  3.302  0.574      57     68     69   0.338
   121    137  0.250 |  4.610  2.964  0.562      58     69     70   0.337
   121    167  0.225 |  3.675  2.169  0.421      68     80     81   0.335
   121    202  0.200 |  2.702  1.559  0.404      71     85     87   0.362
   121    233  0.175 |  2.400  1.378  0.374      72     88     90   0.367
   121    287  0.150 |  1.673  0.930  0.346      77     97    100   0.391
   121    330  0.125 |  1.462  0.804  0.346      78    101    104   0.404
   121    407  0.100 |  1.020  0.619  0.345      80    105    109   0.417
   121    486  0.075 |  0.850  0.529  0.343      82    109    115   0.426
   121    643  0.050 |  0.714  0.490  0.343      83    110    116   0.426
   121    643  0.025 |  0.714  0.490  0.343      83    110    116   0.426
#