# Hydraprot_sorted/1gci_A.pdb
# Protein CA rmsd=  0.000
#  N   Nprd scorecut |   RMSD    Ave    Med   TP<0.5  TP<1.0  TP<1.5
    98     20  0.500 |  9.049  8.331 10.000      15     15     15   0.215
    98     27  0.475 |  8.650  7.661 10.000      21     21     21   0.236
    98     33  0.450 |  8.342  7.201 10.000      24     24     25   0.273
    98     44  0.425 |  7.782  6.433 10.000      29     30     31   0.299
    98     50  0.400 |  7.494  6.035  9.388      32     33     34   0.295
    98     57  0.375 |  7.158  5.621  6.788      34     35     37   0.319
    98     63  0.350 |  6.794  5.152  5.913      37     38     41   0.327
    98     71  0.325 |  6.395  4.746  4.732      38     40     43   0.332
    98     80  0.300 |  5.993  4.327  2.908      40     43     46   0.333
    98     98  0.275 |  5.094  3.486  0.864      45     49     52   0.328
    98    114  0.250 |  4.419  2.956  0.540      48     52     55   0.323
    98    131  0.225 |  3.710  2.436  0.479      50     55     59   0.346
    98    157  0.200 |  3.300  2.072  0.436      52     59     64   0.387
    98    174  0.175 |  2.927  1.750  0.380      55     63     69   0.398
    98    204  0.150 |  2.270  1.341  0.380      56     67     74   0.418
    98    240  0.125 |  1.804  1.004  0.361      58     73     83   0.454
    98    296  0.100 |  1.616  0.872  0.344      60     77     87   0.454
    98    352  0.075 |  1.111  0.662  0.334      61     80     91   0.464
    98    463  0.050 |  0.780  0.550  0.328      62     81     94   0.476
    98    463  0.025 |  0.780  0.550  0.328      62     81     94   0.476
#