# Hydraprot_sorted/1i1w_A.pdb
# Protein CA rmsd=  0.000
#  N   Nprd scorecut |   RMSD    Ave    Med   TP<0.5  TP<1.0  TP<1.5
   127     40  0.500 |  8.408  7.234 10.000      30     33     33   0.209
   127     46  0.475 |  8.129  6.803 10.000      34     38     38   0.222
   127     52  0.450 |  7.859  6.370 10.000      40     44     44   0.222
   127     70  0.425 |  7.080  5.381  6.403      48     53     53   0.254
   127     74  0.400 |  6.901  5.167  5.412      50     55     55   0.249
   127     85  0.375 |  6.376  4.528  2.663      56     63     63   0.263
   127     91  0.350 |  6.167  4.286  0.646      58     66     66   0.268
   127    105  0.325 |  5.629  3.746  0.535      62     70     71   0.278
   127    113  0.300 |  5.325  3.476  0.447      64     72     73   0.278
   127    135  0.275 |  4.458  2.724  0.417      67     79     81   0.323
   127    146  0.250 |  4.182  2.560  0.417      67     79     81   0.323
   127    168  0.225 |  3.341  1.930  0.394      72     84     88   0.375
   127    202  0.200 |  2.536  1.407  0.361      78     92     96   0.373
   127    221  0.175 |  2.177  1.186  0.341      81     96    100   0.376
   127    257  0.150 |  1.654  0.895  0.341      82    102    107   0.394
   127    292  0.125 |  1.441  0.800  0.341      82    104    109   0.395
   127    373  0.100 |  1.041  0.612  0.339      85    108    114   0.420
   127    434  0.075 |  0.767  0.512  0.339      86    111    117   0.435
   127    544  0.050 |  0.767  0.512  0.339      86    111    117   0.435
   127    544  0.025 |  0.767  0.512  0.339      86    111    117   0.435
#