# Hydraprot_sorted/1ix9_A.pdb
# Protein CA rmsd=  0.000
#  N   Nprd scorecut |   RMSD    Ave    Med   TP<0.5  TP<1.0  TP<1.5
   100     27  0.500 |  8.756  7.965 10.000      15     15     15   0.223
   100     33  0.475 |  8.498  7.586 10.000      18     18     18   0.242
   100     38  0.450 |  8.238  7.175 10.000      22     22     22   0.230
   100     46  0.425 |  7.870  6.720 10.000      23     24     24   0.235
   100     57  0.400 |  7.214  5.794  6.713      31     33     33   0.241
   100     64  0.375 |  6.827  5.286  5.999      36     38     38   0.253
   100     70  0.350 |  6.525  4.920  4.921      39     41     41   0.248
   100     80  0.325 |  6.091  4.430  4.090      42     45     45   0.248
   100     83  0.300 |  6.045  4.394  4.090      42     45     45   0.248
   100     98  0.275 |  5.249  3.480  0.473      51     55     55   0.254
   100    104  0.250 |  4.939  3.222  0.454      52     57     57   0.257
   100    124  0.225 |  4.104  2.509  0.418      55     64     64   0.285
   100    139  0.200 |  3.473  2.043  0.390      58     68     68   0.315
   100    151  0.175 |  3.295  1.932  0.390      58     69     69   0.319
   100    193  0.150 |  2.578  1.430  0.367      61     74     75   0.344
   100    215  0.125 |  2.110  1.186  0.361      62     76     78   0.354
   100    270  0.100 |  1.588  0.927  0.331      64     79     82   0.350
   100    324  0.075 |  1.313  0.759  0.320      65     83     87   0.387
   100    424  0.050 |  1.076  0.635  0.306      66     84     92   0.421
   100    424  0.025 |  1.076  0.635  0.306      66     84     92   0.421
#