# Hydraprot_sorted/1j0p_A.pdb
# Protein CA rmsd=  0.000
#  N   Nprd scorecut |   RMSD    Ave    Med   TP<0.5  TP<1.0  TP<1.5
    46      8  0.500 |  9.119  8.451 10.000       5      6      6   0.308
    46     12  0.475 |  8.734  7.851 10.000       7      8      8   0.287
    46     16  0.450 |  8.385  7.291 10.000      10     11     11   0.292
    46     20  0.425 |  7.967  6.717 10.000      12     13     13   0.295
    46     23  0.400 |  7.554  6.122  9.583      14     15     15   0.283
    46     26  0.375 |  7.195  5.625  7.164      16     17     17   0.269
    46     31  0.350 |  6.693  5.022  4.639      18     19     19   0.276
    46     34  0.325 |  6.324  4.633  3.679      19     20     20   0.276
    46     39  0.300 |  5.757  4.033  2.366      20     22     22   0.316
    46     52  0.275 |  4.770  3.171  0.820      22     24     24   0.306
    46     60  0.250 |  4.093  2.745  0.820      22     24     24   0.306
    46     66  0.225 |  3.967  2.584  0.538      23     25     25   0.417
    46     78  0.200 |  3.613  2.234  0.428      24     28     28   0.430
    46     92  0.175 |  3.457  2.141  0.428      24     28     28   0.430
    46    118  0.150 |  2.291  1.358  0.372      27     32     32   0.463
    46    133  0.125 |  1.899  1.122  0.365      28     33     34   0.479
    46    175  0.100 |  1.493  0.862  0.365      29     37     38   0.505
    46    210  0.075 |  1.340  0.780  0.365      29     38     39   0.513
    46    262  0.050 |  1.055  0.674  0.365      29     39     41   0.514
    46    262  0.025 |  1.055  0.674  0.365      29     39     41   0.514
#