# Hydraprot_sorted/1jfb_A.pdb
# Protein CA rmsd=  0.000
#  N   Nprd scorecut |   RMSD    Ave    Med   TP<0.5  TP<1.0  TP<1.5
   184     47  0.500 |  8.795  7.947 10.000      26     30     31   0.342
   184     60  0.475 |  8.436  7.383 10.000      34     39     40   0.318
   184     66  0.450 |  8.278  7.174 10.000      36     41     42   0.317
   184     89  0.425 |  7.596  6.190 10.000      49     57     58   0.315
   184     99  0.400 |  7.324  5.854  7.815      53     61     62   0.310
   184    114  0.375 |  6.868  5.313  5.512      58     67     68   0.311
   184    135  0.350 |  6.304  4.621  3.720      67     78     80   0.329
   184    151  0.325 |  5.892  4.183  2.694      72     84     86   0.328
   184    176  0.300 |  5.218  3.508  0.656      82     94     97   0.329
   184    202  0.275 |  4.572  2.961  0.567      86    100    106   0.360
   184    227  0.250 |  3.886  2.435  0.533      90    107    114   0.380
   184    257  0.225 |  3.212  1.908  0.451      97    117    126   0.406
   184    295  0.200 |  2.596  1.471  0.403     106    128    137   0.405
   184    329  0.175 |  2.105  1.201  0.382     111    134    144   0.418
   184    394  0.150 |  1.821  1.004  0.364     116    142    152   0.422
   184    448  0.125 |  1.469  0.832  0.357     118    148    158   0.435
   184    552  0.100 |  1.200  0.690  0.344     123    155    165   0.441
   184    672  0.075 |  0.907  0.567  0.339     125    160    171   0.455
   184    839  0.050 |  0.758  0.520  0.339     126    162    174   0.454
   184    839  0.025 |  0.758  0.520  0.339     126    162    174   0.454
#