# Hydraprot_sorted/1k4i_A.pdb
# Protein CA rmsd=  0.000
#  N   Nprd scorecut |   RMSD    Ave    Med   TP<0.5  TP<1.0  TP<1.5
    83     23  0.500 |  8.594  7.565 10.000      17     18     18   0.202
    83     27  0.475 |  8.413  7.337 10.000      18     19     19   0.207
    83     32  0.450 |  8.173  7.017 10.000      19     20     21   0.257
    83     35  0.425 |  7.954  6.697 10.000      20     22     23   0.271
    83     43  0.400 |  7.417  5.935  7.680      25     27     29   0.284
    83     50  0.375 |  6.999  5.417  6.840      28     30     32   0.286
    83     57  0.350 |  6.543  4.929  5.028      30     32     34   0.283
    83     67  0.325 |  5.983  4.281  2.623      34     37     39   0.278
    83     76  0.300 |  5.702  3.965  1.281      35     39     42   0.307
    83     92  0.275 |  4.717  2.987  0.483      42     46     49   0.333
    83     98  0.250 |  4.384  2.706  0.455      44     48     51   0.333
    83    121  0.225 |  3.572  2.135  0.440      46     50     54   0.352
    83    145  0.200 |  2.710  1.552  0.420      49     55     60   0.383
    83    161  0.175 |  2.185  1.228  0.351      51     58     65   0.412
    83    196  0.150 |  1.754  0.909  0.315      55     65     72   0.420
    83    221  0.125 |  1.378  0.765  0.315      55     66     74   0.417
    83    295  0.100 |  1.058  0.641  0.315      55     68     77   0.434
    83    353  0.075 |  0.957  0.594  0.315      55     69     78   0.452
    83    425  0.050 |  0.877  0.573  0.315      55     69     78   0.452
    83    425  0.025 |  0.877  0.573  0.315      55     69     78   0.452
#