# Hydraprot_sorted/1lkk_A.pdb
# Protein CA rmsd=  0.000
#  N   Nprd scorecut |   RMSD    Ave    Med   TP<0.5  TP<1.0  TP<1.5
    36      6  0.500 |  9.144  8.453 10.000       5      5      5   0.244
    36      9  0.475 |  8.885  8.064 10.000       6      6      6   0.235
    36     10  0.450 |  8.760  7.913 10.000       6      6      6   0.235
    36     18  0.425 |  7.787  6.536 10.000      10     10     10   0.256
    36     25  0.400 |  6.860  5.293  5.761      12     14     14   0.297
    36     26  0.375 |  6.654  5.023  5.038      13     15     15   0.297
    36     31  0.350 |  5.792  4.148  3.501      15     17     17   0.285
    36     33  0.325 |  5.587  3.983  3.501      15     17     17   0.285
    36     35  0.300 |  5.438  3.857  2.829      15     17     17   0.285
    36     42  0.275 |  4.824  3.351  1.642      15     18     18   0.305
    36     51  0.250 |  4.275  2.860  0.679      16     19     20   0.349
    36     58  0.225 |  3.915  2.367  0.468      18     22     25   0.434
    36     72  0.200 |  3.270  1.844  0.376      20     24     27   0.429
    36     81  0.175 |  2.644  1.487  0.376      20     25     28   0.494
    36     96  0.150 |  2.553  1.380  0.321      21     26     29   0.488
    36    114  0.125 |  1.520  0.789  0.300      24     29     32   0.465
    36    147  0.100 |  0.814  0.541  0.296      25     31     34   0.463
    36    178  0.075 |  0.814  0.541  0.296      25     31     34   0.463
    36    230  0.050 |  0.814  0.541  0.296      25     31     34   0.463
    36    230  0.025 |  0.814  0.541  0.296      25     31     34   0.463
#