# Hydraprot_sorted/1m40_A.pdb
# Protein CA rmsd=  0.000
#  N   Nprd scorecut |   RMSD    Ave    Med   TP<0.5  TP<1.0  TP<1.5
   116     22  0.500 |  9.046  8.270 10.000      16     20     20   0.314
   116     27  0.475 |  8.807  7.867 10.000      20     24     24   0.300
   116     32  0.450 |  8.604  7.541 10.000      23     27     27   0.286
   116     45  0.425 |  7.994  6.641 10.000      29     35     36   0.331
   116     56  0.400 |  7.526  6.047 10.000      33     39     40   0.317
   116     65  0.375 |  7.101  5.569  6.403      33     40     42   0.381
   116     70  0.350 |  6.896  5.290  5.414      37     44     46   0.378
   116     84  0.325 |  6.233  4.541  4.258      43     51     53   0.372
   116     96  0.300 |  5.694  3.965  1.166      48     56     59   0.377
   116    111  0.275 |  5.167  3.470  0.853      50     59     63   0.386
   116    123  0.250 |  4.597  2.979  0.658      53     63     67   0.390
   116    149  0.225 |  4.021  2.488  0.572      56     68     72   0.394
   116    178  0.200 |  3.420  1.993  0.470      62     75     79   0.391
   116    203  0.175 |  2.965  1.631  0.446      65     80     85   0.416
   116    239  0.150 |  2.358  1.268  0.426      68     87     92   0.426
   116    263  0.125 |  2.239  1.217  0.426      68     88     93   0.433
   116    325  0.100 |  1.580  0.904  0.426      69     93     98   0.440
   116    387  0.075 |  1.017  0.638  0.426      71     98    108   0.486
   116    506  0.050 |  0.815  0.575  0.426      72     99    109   0.497
   116    506  0.025 |  0.815  0.575  0.426      72     99    109   0.497
#