# Hydraprot_sorted/1mc2_A.pdb
# Protein CA rmsd=  0.000
#  N   Nprd scorecut |   RMSD    Ave    Med   TP<0.5  TP<1.0  TP<1.5
    54     12  0.500 |  8.958  8.279 10.000       7      7      7   0.265
    54     16  0.475 |  8.569  7.697 10.000       9      9      9   0.289
    54     17  0.450 |  8.460  7.517 10.000      10     10     10   0.287
    54     24  0.425 |  7.883  6.698 10.000      13     14     14   0.318
    54     30  0.400 |  7.262  5.837  6.907      16     18     18   0.325
    54     39  0.375 |  6.403  4.758  4.551      19     24     24   0.354
    54     40  0.350 |  6.321  4.694  4.551      19     24     24   0.354
    54     45  0.325 |  6.176  4.556  4.293      19     24     24   0.354
    54     49  0.300 |  5.746  4.011  1.725      22     27     27   0.347
    54     57  0.275 |  5.033  3.388  0.859      22     28     29   0.390
    54     63  0.250 |  4.489  2.914  0.737      24     30     31   0.388
    54     73  0.225 |  3.593  2.316  0.620      25     32     33   0.449
    54     84  0.200 |  3.121  1.973  0.520      26     34     35   0.458
    54    100  0.175 |  2.498  1.522  0.464      28     37     38   0.454
    54    124  0.150 |  2.088  1.255  0.464      28     38     41   0.494
    54    139  0.125 |  2.010  1.204  0.464      28     39     42   0.495
    54    174  0.100 |  1.305  0.815  0.420      32     43     46   0.509
    54    210  0.075 |  1.232  0.750  0.420      32     45     48   0.511
    54    273  0.050 |  0.733  0.556  0.420      33     48     52   0.511
    54    273  0.025 |  0.733  0.556  0.420      33     48     52   0.511
#