# Hydraprot_sorted/1mj5_A.pdb
# Protein CA rmsd=  0.000
#  N   Nprd scorecut |   RMSD    Ave    Med   TP<0.5  TP<1.0  TP<1.5
   129     27  0.500 |  8.982  8.143 10.000      24     24     24   0.233
   129     36  0.475 |  8.685  7.717 10.000      25     28     28   0.299
   129     44  0.450 |  8.406  7.313 10.000      28     31     31   0.304
   129     54  0.425 |  7.994  6.717 10.000      33     37     37   0.304
   129     62  0.400 |  7.614  6.146 10.000      40     44     44   0.286
   129     77  0.375 |  7.031  5.336  7.124      48     54     55   0.316
   129     89  0.350 |  6.485  4.682  4.063      54     62     63   0.331
   129    101  0.325 |  5.908  4.037  0.808      59     69     70   0.326
   129    110  0.300 |  5.478  3.600  0.521      63     74     75   0.327
   129    132  0.275 |  4.522  2.817  0.486      67     80     81   0.334
   129    140  0.250 |  3.982  2.389  0.428      71     85     86   0.338
   129    165  0.225 |  2.975  1.700  0.418      76     92     93   0.359
   129    184  0.200 |  2.595  1.447  0.402      77     96     97   0.370
   129    209  0.175 |  2.361  1.307  0.381      79     99    100   0.384
   129    249  0.150 |  1.744  0.957  0.370      81    106    107   0.407
   129    282  0.125 |  1.375  0.775  0.365      84    109    111   0.420
   129    355  0.100 |  0.965  0.600  0.364      85    114    116   0.434
   129    414  0.075 |  0.896  0.572  0.364      86    115    117   0.434
   129    539  0.050 |  0.717  0.498  0.352      88    119    121   0.426
   129    539  0.025 |  0.717  0.498  0.352      88    119    121   0.426
#