# Hydraprot_sorted/1mn8_A.pdb
# Protein CA rmsd=  0.000
#  N   Nprd scorecut |   RMSD    Ave    Med   TP<0.5  TP<1.0  TP<1.5
    35      4  0.500 |  9.411  8.878 10.000       4      4      4   0.183
    35      9  0.475 |  8.875  8.082 10.000       6      6      6   0.207
    35     10  0.450 |  8.715  7.830 10.000       6      6      7   0.349
    35     12  0.425 |  8.381  7.270 10.000       8      8      9   0.314
    35     13  0.400 |  8.209  6.996 10.000       9      9     10   0.324
    35     15  0.375 |  8.033  6.713 10.000      10     10     11   0.303
    35     20  0.350 |  7.351  5.813  7.517      12     12     13   0.293
    35     24  0.325 |  6.822  5.156  6.690      14     14     15   0.269
    35     26  0.300 |  6.691  4.983  6.690      14     15     16   0.308
    35     33  0.275 |  5.622  3.773  0.894      17     18     19   0.299
    35     39  0.250 |  5.232  3.392  0.419      18     19     20   0.305
    35     44  0.225 |  4.725  3.016  0.419      18     19     20   0.305
    35     57  0.200 |  3.836  2.401  0.419      18     20     21   0.390
    35     65  0.175 |  3.493  2.055  0.359      20     22     23   0.380
    35     78  0.150 |  2.439  1.448  0.359      21     23     24   0.429
    35     94  0.125 |  2.382  1.429  0.359      21     23     24   0.429
    35    122  0.100 |  1.870  1.115  0.359      22     25     27   0.438
    35    153  0.075 |  1.540  0.954  0.359      22     26     28   0.455
    35    205  0.050 |  1.183  0.788  0.359      22     26     30   0.515
    35    205  0.025 |  1.183  0.788  0.359      22     26     30   0.515
#