# Hydraprot_sorted/1muw_A.pdb
# Protein CA rmsd=  0.000
#  N   Nprd scorecut |   RMSD    Ave    Med   TP<0.5  TP<1.0  TP<1.5
   118     41  0.500 |  8.361  7.295 10.000      22     26     27   0.423
   118     54  0.475 |  7.817  6.532 10.000      26     31     32   0.433
   118     60  0.450 |  7.587  6.214 10.000      29     34     35   0.412
   118     66  0.425 |  7.348  5.908  7.680      31     37     38   0.416
   118     78  0.400 |  6.881  5.361  5.913      35     41     42   0.395
   118     91  0.375 |  6.420  4.792  4.461      41     47     48   0.370
   118    102  0.350 |  6.038  4.412  3.640      42     49     50   0.378
   118    118  0.325 |  5.605  3.954  2.325      46     54     55   0.382
   118    135  0.300 |  4.861  3.296  1.122      49     59     60   0.386
   118    164  0.275 |  4.297  2.848  0.710      51     63     64   0.368
   118    180  0.250 |  3.954  2.583  0.659      53     66     67   0.367
   118    212  0.225 |  3.332  2.151  0.526      57     71     72   0.366
   118    266  0.200 |  2.477  1.496  0.434      60     83     85   0.387
   118    296  0.175 |  2.212  1.306  0.396      62     87     89   0.404
   118    354  0.150 |  1.785  1.012  0.374      66     93     96   0.429
   118    406  0.125 |  1.431  0.790  0.373      71    101    104   0.433
   118    509  0.100 |  1.259  0.713  0.373      71    103    106   0.439
   118    594  0.075 |  1.026  0.610  0.370      74    106    109   0.438
   118    783  0.050 |  0.918  0.570  0.370      74    107    110   0.439
   118    783  0.025 |  0.918  0.570  0.370      74    107    110   0.439
#