# Hydraprot_sorted/1nki_A.pdb
# Protein CA rmsd=  0.000
#  N   Nprd scorecut |   RMSD    Ave    Med   TP<0.5  TP<1.0  TP<1.5
    44     12  0.500 |  8.698  7.785 10.000       8      8      8   0.169
    44     14  0.475 |  8.437  7.374 10.000       9      9      9   0.328
    44     16  0.450 |  8.261  7.182 10.000       9      9      9   0.328
    44     21  0.425 |  7.933  6.603 10.000      12     12     12   0.300
    44     23  0.400 |  7.756  6.359 10.000      13     13     13   0.312
    44     29  0.375 |  7.114  5.549  6.992      15     15     15   0.296
    44     33  0.350 |  6.792  5.110  4.245      17     17     17   0.292
    44     39  0.325 |  6.134  4.259  2.085      21     21     21   0.293
    44     44  0.300 |  5.896  4.079  2.085      21     21     21   0.293
    44     53  0.275 |  5.378  3.590  0.735      22     23     23   0.322
    44     58  0.250 |  5.378  3.590  0.735      22     23     23   0.322
    44     78  0.225 |  4.150  2.473  0.420      24     27     27   0.342
    44     95  0.200 |  3.456  1.935  0.323      26     31     31   0.315
    44    107  0.175 |  2.980  1.708  0.323      26     31     31   0.315
    44    125  0.150 |  2.753  1.569  0.323      26     32     32   0.321
    44    140  0.125 |  2.059  1.201  0.317      28     34     34   0.326
    44    192  0.100 |  1.480  0.822  0.310      30     37     38   0.354
    44    232  0.075 |  0.952  0.549  0.307      32     40     41   0.396
    44    307  0.050 |  0.952  0.549  0.307      32     40     41   0.396
    44    307  0.025 |  0.952  0.549  0.307      32     40     41   0.396
#