# Hydraprot_sorted/1nwz_A.pdb
# Protein CA rmsd=  0.000
#  N   Nprd scorecut |   RMSD    Ave    Med   TP<0.5  TP<1.0  TP<1.5
    40      5  0.500 |  9.355  8.781 10.000       5      5      5   0.245
    40      7  0.475 |  9.220  8.538 10.000       6      6      6   0.254
    40     11  0.450 |  8.662  7.570 10.000      10     10     10   0.278
    40     14  0.425 |  8.355  7.142 10.000      11     11     11   0.269
    40     16  0.400 |  8.111  6.805 10.000      12     12     12   0.272
    40     24  0.375 |  7.442  6.004  9.129      13     13     13   0.266
    40     27  0.350 |  7.221  5.727  7.890      14     14     14   0.261
    40     34  0.325 |  6.665  5.154  6.496      15     15     15   0.255
    40     39  0.300 |  6.223  4.669  4.144      15     15     16   0.320
    40     47  0.275 |  5.473  4.029  3.894      15     16     17   0.344
    40     50  0.250 |  5.134  3.731  3.403      15     17     18   0.361
    40     59  0.225 |  4.886  3.573  3.403      15     17     18   0.361
    40     75  0.200 |  3.802  2.616  0.713      17     21     22   0.393
    40     83  0.175 |  2.880  1.882  0.519      19     24     25   0.385
    40    105  0.150 |  2.172  1.341  0.457      22     28     29   0.442
    40    121  0.125 |  2.071  1.243  0.445      23     29     30   0.441
    40    158  0.100 |  1.547  0.901  0.415      25     32     34   0.469
    40    203  0.075 |  1.302  0.732  0.389      27     34     36   0.457
    40    251  0.050 |  0.796  0.567  0.389      27     35     37   0.466
    40    251  0.025 |  0.796  0.567  0.389      27     35     37   0.466
#