# Hydraprot_sorted/1p1x_A.pdb
# Protein CA rmsd=  0.000
#  N   Nprd scorecut |   RMSD    Ave    Med   TP<0.5  TP<1.0  TP<1.5
    53     21  0.500 |  8.319  7.141 10.000      14     14     14   0.187
    53     29  0.475 |  7.747  6.317 10.000      17     18     18   0.224
    53     34  0.450 |  7.374  5.782  8.568      18     21     21   0.270
    53     41  0.425 |  7.053  5.300  7.507      20     24     24   0.286
    53     45  0.400 |  6.765  4.998  6.032      21     25     25   0.287
    53     50  0.375 |  6.433  4.667  5.112      22     26     26   0.294
    53     61  0.350 |  5.587  3.863  0.696      24     28     28   0.292
    53     72  0.325 |  4.484  2.796  0.360      29     33     33   0.286
    53     84  0.300 |  3.733  2.040  0.313      33     39     39   0.292
    53     95  0.275 |  3.461  1.892  0.313      33     39     39   0.292
    53    101  0.250 |  3.186  1.742  0.313      33     39     39   0.292
    53    119  0.225 |  2.781  1.506  0.307      34     40     40   0.290
    53    145  0.200 |  2.141  1.118  0.291      36     43     43   0.295
    53    170  0.175 |  2.053  1.037  0.269      37     44     44   0.291
    53    205  0.150 |  1.636  0.746  0.267      40     48     48   0.302
    53    238  0.125 |  1.536  0.679  0.267      40     49     49   0.307
    53    308  0.100 |  1.340  0.580  0.266      41     50     50   0.307
    53    362  0.075 |  0.609  0.379  0.266      41     52     52   0.319
    53    470  0.050 |  0.400  0.333  0.266      41     52     53   0.333
    53    470  0.025 |  0.400  0.333  0.266      41     52     53   0.333
#