# Hydraprot_sorted/1rtq_A.pdb
# Protein CA rmsd=  0.000
#  N   Nprd scorecut |   RMSD    Ave    Med   TP<0.5  TP<1.0  TP<1.5
   108     16  0.500 |  9.292  8.777 10.000       9     11     11   0.347
   108     24  0.475 |  8.908  8.110 10.000      16     18     18   0.282
   108     28  0.450 |  8.761  7.917 10.000      16     19     19   0.293
   108     37  0.425 |  8.363  7.265 10.000      23     26     26   0.273
   108     47  0.400 |  7.881  6.634 10.000      26     29     29   0.316
   108     54  0.375 |  7.573  6.292 10.000      27     30     30   0.312
   108     60  0.350 |  7.246  5.878  6.719      29     32     32   0.396
   108     69  0.325 |  6.782  5.313  5.957      32     36     37   0.411
   108     82  0.300 |  6.203  4.680  4.563      36     40     42   0.412
   108     98  0.275 |  5.230  3.704  2.682      42     46     49   0.426
   108    114  0.250 |  4.489  3.020  1.282      47     52     55   0.435
   108    138  0.225 |  3.886  2.583  0.859      48     54     58   0.467
   108    162  0.200 |  3.224  2.090  0.623      51     59     65   0.476
   108    181  0.175 |  2.941  1.841  0.497      54     63     70   0.469
   108    215  0.150 |  2.655  1.675  0.497      54     65     73   0.456
   108    255  0.125 |  2.310  1.419  0.469      56     70     79   0.490
   108    327  0.100 |  1.500  0.940  0.435      59     76     90   0.526
   108    398  0.075 |  1.192  0.764  0.413      61     81     97   0.542
   108    512  0.050 |  0.807  0.597  0.403      64     86    102   0.555
   108    512  0.025 |  0.807  0.597  0.403      64     86    102   0.555
#