# Hydraprot_sorted/1tqg_A.pdb
# Protein CA rmsd=  0.000
#  N   Nprd scorecut |   RMSD    Ave    Med   TP<0.5  TP<1.0  TP<1.5
    18      8  0.500 |  8.724  8.178 10.000       2      2      2   0.286
    18     10  0.475 |  8.724  8.178 10.000       2      2      2   0.286
    18     11  0.450 |  8.724  8.178 10.000       2      2      2   0.286
    18     16  0.425 |  7.909  6.883  9.045       3      4      4   0.317
    18     19  0.400 |  7.384  6.216  7.261       4      5      5   0.294
    18     21  0.375 |  6.926  5.812  7.094       4      5      5   0.294
    18     23  0.350 |  6.723  5.437  6.791       5      6      6   0.300
    18     31  0.325 |  5.034  3.596  2.392       8      9      9   0.259
    18     35  0.300 |  4.341  2.794  0.426      10     11     11   0.290
    18     44  0.275 |  3.810  2.339  0.377      11     12     12   0.286
    18     47  0.250 |  3.614  2.225  0.377      11     12     12   0.286
    18     54  0.225 |  3.450  2.009  0.377      11     13     13   0.320
    18     66  0.200 |  2.779  1.561  0.377      11     14     14   0.342
    18     76  0.175 |  2.378  1.266  0.377      11     15     15   0.384
    18     92  0.150 |  1.852  1.025  0.377      11     15     15   0.384
    18    109  0.125 |  1.456  0.811  0.377      11     16     16   0.396
    18    139  0.100 |  0.493  0.413  0.347      12     17     18   0.413
    18    171  0.075 |  0.493  0.413  0.347      12     17     18   0.413
    18    213  0.050 |  0.493  0.413  0.347      12     17     18   0.413
    18    213  0.025 |  0.493  0.413  0.347      12     17     18   0.413
#