# Hydraprot_sorted/1tt8_A.pdb
# Protein CA rmsd=  0.000
#  N   Nprd scorecut |   RMSD    Ave    Med   TP<0.5  TP<1.0  TP<1.5
    70     13  0.500 |  9.084  8.384 10.000       9     10     10   0.262
    70     19  0.475 |  8.646  7.699 10.000      12     14     14   0.323
    70     21  0.450 |  8.514  7.508 10.000      13     15     15   0.320
    70     26  0.425 |  8.134  6.921 10.000      17     19     19   0.302
    70     31  0.400 |  7.767  6.389 10.000      20     22     22   0.301
    70     41  0.375 |  7.040  5.427  6.364      24     28     28   0.324
    70     46  0.350 |  6.674  4.962  4.446      27     31     31   0.309
    70     54  0.325 |  6.186  4.454  3.144      28     33     33   0.329
    70     58  0.300 |  5.968  4.197  2.148      29     34     34   0.329
    70     64  0.275 |  5.614  3.869  1.524      30     35     35   0.326
    70     68  0.250 |  5.322  3.616  0.872      31     36     36   0.329
    70     78  0.225 |  4.610  2.910  0.501      35     42     42   0.342
    70     90  0.200 |  4.114  2.470  0.479      37     45     46   0.363
    70    100  0.175 |  4.016  2.335  0.468      39     47     48   0.367
    70    132  0.150 |  3.098  1.740  0.465      41     50     51   0.405
    70    161  0.125 |  1.879  1.072  0.465      44     55     57   0.436
    70    210  0.100 |  1.523  0.860  0.447      45     58     61   0.458
    70    252  0.075 |  0.874  0.588  0.429      46     63     66   0.498
    70    324  0.050 |  0.614  0.499  0.409      47     65     68   0.499
    70    324  0.025 |  0.614  0.499  0.409      47     65     68   0.499
#