# Hydraprot_sorted/1unq_A.pdb
# Protein CA rmsd=  0.000
#  N   Nprd scorecut |   RMSD    Ave    Med   TP<0.5  TP<1.0  TP<1.5
    44     10  0.500 |  9.022  8.360 10.000       6      6      6   0.304
    44     18  0.475 |  8.198  7.030 10.000      11     12     12   0.284
    44     18  0.450 |  8.198  7.030 10.000      11     12     12   0.284
    44     23  0.425 |  7.762  6.445  9.391      13     14     14   0.290
    44     25  0.400 |  7.614  6.229  8.667      14     15     15   0.303
    44     30  0.375 |  6.974  5.440  6.733      15     17     17   0.335
    44     31  0.350 |  6.887  5.307  6.693      15     18     18   0.354
    44     36  0.325 |  6.623  4.960  4.989      16     19     19   0.344
    44     38  0.300 |  6.613  4.954  4.989      16     19     19   0.344
    44     50  0.275 |  5.529  3.926  1.832      17     22     22   0.380
    44     60  0.250 |  4.679  3.105  0.621      19     25     25   0.379
    44     73  0.225 |  3.705  2.377  0.546      21     28     28   0.384
    44     84  0.200 |  3.051  1.939  0.510      22     29     29   0.382
    44     93  0.175 |  2.733  1.702  0.497      23     30     30   0.372
    44    119  0.150 |  2.138  1.246  0.455      27     34     34   0.361
    44    138  0.125 |  1.926  1.101  0.445      28     35     35   0.360
    44    184  0.100 |  1.483  0.835  0.389      29     38     38   0.380
    44    219  0.075 |  1.172  0.682  0.389      29     40     40   0.399
    44    275  0.050 |  0.816  0.535  0.389      29     41     42   0.457
    44    275  0.025 |  0.816  0.535  0.389      29     41     42   0.457
#