# Hydraprot_sorted/1vyr_A.pdb
# Protein CA rmsd=  0.000
#  N   Nprd scorecut |   RMSD    Ave    Med   TP<0.5  TP<1.0  TP<1.5
   155     42  0.500 |  8.673  7.732 10.000      29     30     30   0.223
   155     56  0.475 |  8.234  7.065 10.000      37     38     38   0.230
   155     63  0.450 |  7.985  6.697 10.000      42     43     43   0.230
   155     73  0.425 |  7.629  6.222 10.000      46     47     48   0.245
   155     86  0.400 |  7.211  5.649  7.208      53     55     56   0.243
   155    105  0.375 |  6.451  4.724  3.661      61     66     69   0.288
   155    111  0.350 |  6.281  4.552  3.056      62     67     70   0.306
   155    130  0.325 |  5.671  3.888  1.101      70     76     79   0.309
   155    141  0.300 |  5.358  3.589  0.662      74     80     83   0.308
   155    161  0.275 |  4.838  3.110  0.494      78     84     87   0.304
   155    174  0.250 |  4.449  2.748  0.397      84     90     93   0.302
   155    195  0.225 |  3.883  2.334  0.381      87     97    100   0.318
   155    238  0.200 |  2.978  1.714  0.364      94    107    110   0.331
   155    271  0.175 |  2.419  1.321  0.334     100    116    120   0.339
   155    322  0.150 |  2.081  1.095  0.320     104    120    126   0.364
   155    372  0.125 |  1.745  0.923  0.320     105    122    131   0.397
   155    449  0.100 |  1.336  0.715  0.310     109    130    138   0.389
   155    518  0.075 |  1.176  0.640  0.301     110    132    141   0.396
   155    654  0.050 |  1.049  0.573  0.301     110    134    147   0.414
   155    654  0.025 |  1.049  0.573  0.301     110    134    147   0.414
#