# Hydraprot_sorted/1x8q_A.pdb
# Protein CA rmsd=  0.000
#  N   Nprd scorecut |   RMSD    Ave    Med   TP<0.5  TP<1.0  TP<1.5
    82     10  0.500 |  9.371  8.810 10.000       9     10     10   0.243
    82     18  0.475 |  8.932  8.100 10.000      14     15     15   0.254
    82     23  0.450 |  8.584  7.504 10.000      19     20     20   0.245
    82     29  0.425 |  8.253  7.022 10.000      21     23     23   0.270
    82     34  0.400 |  7.959  6.638 10.000      23     25     25   0.269
    82     44  0.375 |  7.404  5.909  8.454      27     29     29   0.262
    82     53  0.350 |  6.744  5.128  5.457      30     33     33   0.268
    82     65  0.325 |  6.033  4.255  1.808      36     41     41   0.283
    82     70  0.300 |  5.815  4.012  0.692      38     43     43   0.282
    82     89  0.275 |  4.747  2.956  0.393      44     50     50   0.333
    82    104  0.250 |  3.850  2.234  0.376      48     55     56   0.357
    82    116  0.225 |  3.295  1.862  0.363      49     57     58   0.377
    82    138  0.200 |  2.526  1.368  0.358      52     63     64   0.392
    82    158  0.175 |  2.259  1.202  0.354      54     65     66   0.389
    82    185  0.150 |  1.655  0.872  0.349      56     69     70   0.415
    82    215  0.125 |  1.336  0.718  0.334      57     71     73   0.403
    82    268  0.100 |  1.093  0.610  0.320      58     73     75   0.403
    82    315  0.075 |  0.848  0.520  0.317      59     75     77   0.406
    82    394  0.050 |  0.679  0.475  0.317      59     75     77   0.442
    82    394  0.025 |  0.679  0.475  0.317      59     75     77   0.442
#