# Hydraprot_sorted/2a6z_A.pdb
# Protein CA rmsd=  0.000
#  N   Nprd scorecut |   RMSD    Ave    Med   TP<0.5  TP<1.0  TP<1.5
   107     24  0.500 |  8.828  7.870 10.000      20     22     23   0.265
   107     34  0.475 |  8.282  6.958 10.000      30     32     33   0.261
   107     37  0.450 |  8.124  6.728 10.000      32     34     35   0.264
   107     44  0.425 |  7.741  6.166 10.000      35     40     41   0.295
   107     46  0.400 |  7.642  6.057 10.000      35     40     41   0.295
   107     52  0.375 |  7.342  5.649 10.000      38     44     45   0.293
   107     60  0.350 |  6.908  5.083  5.359      43     49     50   0.285
   107     70  0.325 |  6.347  4.418  0.878      47     55     56   0.292
   107     78  0.300 |  6.011  4.110  0.632      48     56     57   0.289
   107     93  0.275 |  5.177  3.309  0.539      53     62     63   0.298
   107    102  0.250 |  4.772  2.940  0.427      54     65     66   0.311
   107    120  0.225 |  3.911  2.232  0.352      60     72     73   0.309
   107    143  0.200 |  3.092  1.644  0.334      66     79     80   0.310
   107    164  0.175 |  2.565  1.304  0.317      69     83     84   0.310
   107    205  0.150 |  2.111  1.050  0.315      71     87     88   0.322
   107    244  0.125 |  1.472  0.806  0.314      72     89     91   0.334
   107    297  0.100 |  1.161  0.625  0.305      77     96     98   0.345
   107    355  0.075 |  1.007  0.571  0.305      77     96     99   0.353
   107    443  0.050 |  0.753  0.490  0.305      77     96    100   0.403
   107    443  0.025 |  0.753  0.490  0.305      77     96    100   0.403
#