# Hydraprot_sorted/2bf6_A.pdb
# Protein CA rmsd=  0.000
#  N   Nprd scorecut |   RMSD    Ave    Med   TP<0.5  TP<1.0  TP<1.5
   183     35  0.500 |  9.028  8.238 10.000      31     31     31   0.220
   183     42  0.475 |  8.821  7.890 10.000      37     37     37   0.228
   183     52  0.450 |  8.506  7.363 10.000      45     46     47   0.254
   183     63  0.425 |  8.199  6.915 10.000      51     52     54   0.275
   183     73  0.400 |  7.900  6.469 10.000      58     59     61   0.263
   183     95  0.375 |  7.202  5.540  7.315      68     71     73   0.290
   183    103  0.350 |  6.958  5.219  5.150      73     77     79   0.291
   183    127  0.325 |  6.127  4.240  1.087      85     90     95   0.342
   183    151  0.300 |  5.398  3.499  0.446      94    101    106   0.344
   183    167  0.275 |  4.860  3.011  0.404     100    107    113   0.345
   183    193  0.250 |  4.078  2.348  0.350     110    119    125   0.344
   183    235  0.225 |  3.001  1.658  0.324     117    128    135   0.363
   183    279  0.200 |  2.424  1.272  0.308     124    138    145   0.374
   183    318  0.175 |  1.947  1.012  0.303     127    145    153   0.386
   183    368  0.150 |  1.602  0.824  0.303     130    151    160   0.397
   183    421  0.125 |  1.270  0.664  0.303     133    156    166   0.402
   183    541  0.100 |  0.856  0.538  0.303     133    160    170   0.412
   183    648  0.075 |  0.749  0.499  0.303     134    161    173   0.422
   183    834  0.050 |  0.678  0.467  0.303     135    163    177   0.424
   183    834  0.025 |  0.678  0.467  0.303     135    163    177   0.424
#