# Hydraprot_sorted/2cws_A.pdb
# Protein CA rmsd=  0.000
#  N   Nprd scorecut |   RMSD    Ave    Med   TP<0.5  TP<1.0  TP<1.5
    94     24  0.500 |  8.662  7.581 10.000      22     22     23   0.242
    94     30  0.475 |  8.297  7.014 10.000      24     27     28   0.287
    94     32  0.450 |  8.190  6.866 10.000      25     28     29   0.287
    94     37  0.425 |  7.926  6.486 10.000      28     31     32   0.281
    94     43  0.400 |  7.579  6.057 10.000      29     33     34   0.298
    94     53  0.375 |  7.045  5.405  5.973      33     37     38   0.297
    94     57  0.350 |  6.819  5.156  4.952      34     38     39   0.301
    94     67  0.325 |  6.132  4.358  2.710      38     44     45   0.315
    94     73  0.300 |  5.880  4.123  2.122      39     45     46   0.315
    94     82  0.275 |  5.493  3.738  0.828      42     48     49   0.309
    94    103  0.250 |  4.712  3.021  0.534      46     54     55   0.322
    94    122  0.225 |  3.833  2.291  0.452      49     60     62   0.374
    94    146  0.200 |  3.104  1.733  0.407      54     66     68   0.370
    94    167  0.175 |  2.517  1.453  0.407      54     68     70   0.382
    94    196  0.150 |  2.261  1.231  0.395      56     73     75   0.395
    94    223  0.125 |  2.060  1.118  0.395      56     74     77   0.409
    94    291  0.100 |  1.463  0.815  0.395      56     78     82   0.448
    94    336  0.075 |  0.995  0.639  0.395      57     81     85   0.450
    94    429  0.050 |  0.764  0.540  0.395      58     85     89   0.466
    94    429  0.025 |  0.764  0.540  0.395      58     85     89   0.466
#