# Hydraprot_sorted/2ddx_A.pdb
# Protein CA rmsd=  0.000
#  N   Nprd scorecut |   RMSD    Ave    Med   TP<0.5  TP<1.0  TP<1.5
   153     43  0.500 |  8.537  7.448 10.000      33     36     36   0.247
   153     50  0.475 |  8.268  7.020 10.000      38     42     42   0.255
   153     59  0.450 |  7.940  6.547 10.000      43     48     48   0.260
   153     70  0.425 |  7.514  5.912 10.000      52     58     58   0.274
   153     79  0.400 |  7.131  5.413  6.541      56     63     63   0.273
   153     93  0.375 |  6.641  4.829  3.352      62     69     71   0.296
   153     98  0.350 |  6.405  4.547  2.718      66     73     75   0.300
   153    116  0.325 |  5.646  3.769  0.569      73     81     84   0.307
   153    129  0.300 |  5.281  3.439  0.500      76     84     87   0.303
   153    149  0.275 |  4.590  2.885  0.460      80     89     93   0.315
   153    164  0.250 |  4.201  2.562  0.424      84     93     97   0.316
   153    187  0.225 |  3.567  2.048  0.358      91    101    107   0.332
   153    220  0.200 |  3.018  1.635  0.340      96    108    115   0.354
   153    248  0.175 |  2.633  1.370  0.327      99    115    122   0.351
   153    297  0.150 |  1.911  0.999  0.323     103    120    128   0.368
   153    334  0.125 |  1.314  0.717  0.303     107    127    136   0.375
   153    419  0.100 |  0.955  0.551  0.302     109    134    144   0.390
   153    491  0.075 |  0.697  0.463  0.302     109    138    148   0.397
   153    613  0.050 |  0.580  0.432  0.302     109    139    149   0.417
   153    613  0.025 |  0.580  0.432  0.302     109    139    149   0.417
#