# Hydraprot_sorted/2fvy_A.pdb
# Protein CA rmsd=  0.000
#  N   Nprd scorecut |   RMSD    Ave    Med   TP<0.5  TP<1.0  TP<1.5
   111     32  0.500 |  8.726  7.811 10.000      21     22     22   0.209
   111     41  0.475 |  8.350  7.277 10.000      25     26     26   0.226
   111     47  0.450 |  8.080  6.840 10.000      30     31     31   0.230
   111     54  0.425 |  7.806  6.489 10.000      32     33     34   0.258
   111     60  0.400 |  7.562  6.143  9.334      35     36     37   0.253
   111     69  0.375 |  7.083  5.535  6.726      39     40     42   0.273
   111     73  0.350 |  6.911  5.322  6.156      41     42     44   0.276
   111     83  0.325 |  6.358  4.664  4.818      47     48     50   0.261
   111     92  0.300 |  6.150  4.408  3.465      49     51     53   0.267
   111    110  0.275 |  5.528  3.659  0.416      57     60     62   0.271
   111    121  0.250 |  4.923  3.111  0.398      59     63     66   0.302
   111    144  0.225 |  4.057  2.414  0.383      63     70     73   0.332
   111    167  0.200 |  3.405  1.908  0.365      67     77     80   0.342
   111    189  0.175 |  2.830  1.549  0.349      70     81     84   0.343
   111    249  0.150 |  1.890  0.986  0.332      74     89     93   0.383
   111    292  0.125 |  1.681  0.875  0.332      75     91     96   0.394
   111    386  0.100 |  1.168  0.665  0.332      76     93    100   0.415
   111    446  0.075 |  1.045  0.615  0.332      76     94    101   0.417
   111    578  0.050 |  0.900  0.542  0.315      78     96    106   0.425
   111    578  0.025 |  0.900  0.542  0.315      78     96    106   0.425
#