# Hydraprot_sorted/2fwh_A.pdb
# Protein CA rmsd=  0.000
#  N   Nprd scorecut |   RMSD    Ave    Med   TP<0.5  TP<1.0  TP<1.5
    47     16  0.500 |  8.365  7.208 10.000       9     12     13   0.404
    47     18  0.475 |  8.167  6.953 10.000       9     12     14   0.469
    47     20  0.450 |  7.903  6.542 10.000      11     14     16   0.455
    47     23  0.425 |  7.592  6.156 10.000      12     15     17   0.446
    47     28  0.400 |  7.054  5.570  7.034      13     16     18   0.443
    47     33  0.375 |  6.397  4.823  3.940      15     18     20   0.435
    47     38  0.350 |  6.215  4.611  3.734      15     19     21   0.447
    47     44  0.325 |  5.532  4.010  3.188      16     20     22   0.444
    47     50  0.300 |  5.113  3.581  1.312      17     22     24   0.440
    47     57  0.275 |  4.794  3.257  0.860      19     24     26   0.432
    47     63  0.250 |  4.250  2.853  0.860      19     24     27   0.458
    47     75  0.225 |  3.062  2.059  0.659      20     26     29   0.465
    47     91  0.200 |  2.561  1.681  0.613      22     29     32   0.463
    47    105  0.175 |  2.280  1.447  0.474      24     31     34   0.452
    47    129  0.150 |  1.905  1.177  0.467      25     33     37   0.480
    47    149  0.125 |  1.646  1.022  0.467      25     35     39   0.499
    47    178  0.100 |  1.571  1.000  0.467      25     35     39   0.499
    47    204  0.075 |  1.208  0.808  0.465      27     37     41   0.497
    47    251  0.050 |  0.976  0.699  0.455      28     38     42   0.526
    47    251  0.025 |  0.976  0.699  0.455      28     38     42   0.526
#