# Hydraprot_sorted/2gud_A.pdb
# Protein CA rmsd=  0.000
#  N   Nprd scorecut |   RMSD    Ave    Med   TP<0.5  TP<1.0  TP<1.5
    43      9  0.500 |  8.950  8.106 10.000       8      8      8   0.247
    43     13  0.475 |  8.549  7.540 10.000       9      9      9   0.392
    43     14  0.450 |  8.412  7.309 10.000      10     10     10   0.365
    43     17  0.425 |  8.201  7.013 10.000      11     11     11   0.346
    43     21  0.400 |  7.780  6.400 10.000      13     13     13   0.346
    43     25  0.375 |  7.302  5.828  7.744      14     14     14   0.334
    43     30  0.350 |  6.687  5.136  5.068      16     16     16   0.330
    43     34  0.325 |  6.258  4.724  4.900      16     17     17   0.340
    43     39  0.300 |  6.035  4.431  4.855      17     19     19   0.364
    43     49  0.275 |  4.404  2.975  0.861      20     22     24   0.416
    43     61  0.250 |  4.029  2.652  0.617      20     24     26   0.433
    43     71  0.225 |  3.655  2.344  0.507      21     25     27   0.427
    43     86  0.200 |  3.382  2.139  0.478      22     26     28   0.418
    43     96  0.175 |  2.987  1.818  0.424      24     28     30   0.417
    43    119  0.150 |  2.454  1.481  0.408      25     29     32   0.433
    43    137  0.125 |  2.386  1.412  0.408      25     30     33   0.447
    43    158  0.100 |  1.912  1.134  0.408      25     31     34   0.450
    43    190  0.075 |  1.718  0.972  0.383      27     33     36   0.439
    43    243  0.050 |  1.627  0.932  0.383      27     33     36   0.439
    43    243  0.025 |  1.627  0.932  0.383      27     33     36   0.439
#