# Hydraprot_sorted/2h5c_A.pdb
# Protein CA rmsd=  0.000
#  N   Nprd scorecut |   RMSD    Ave    Med   TP<0.5  TP<1.0  TP<1.5
    70      6  0.500 |  9.562  9.157 10.000       6      6      6   0.165
    70     12  0.475 |  9.137  8.406 10.000      11     11     11   0.165
    70     15  0.450 |  8.941  8.089 10.000      12     13     13   0.190
    70     20  0.425 |  8.572  7.522 10.000      15     16     16   0.186
    70     24  0.400 |  8.358  7.254 10.000      15     17     17   0.207
    70     34  0.375 |  7.649  6.214 10.000      19     23     24   0.282
    70     36  0.350 |  7.538  6.057  9.850      20     24     25   0.281
    70     54  0.325 |  6.504  4.912  5.010      23     27     29   0.300
    70     60  0.300 |  6.124  4.593  4.876      23     27     29   0.355
    70     75  0.275 |  5.263  3.752  3.046      26     30     32   0.388
    70     84  0.250 |  5.159  3.630  2.356      27     31     33   0.388
    70     98  0.225 |  4.578  3.042  0.937      30     35     37   0.424
    70    121  0.200 |  3.782  2.380  0.518      34     39     41   0.410
    70    131  0.175 |  3.475  2.195  0.517      34     40     42   0.413
    70    157  0.150 |  3.003  1.843  0.460      35     41     44   0.452
    70    181  0.125 |  2.656  1.553  0.414      37     44     47   0.464
    70    234  0.100 |  1.917  1.107  0.407      41     48     52   0.469
    70    280  0.075 |  1.792  1.021  0.407      42     49     53   0.493
    70    361  0.050 |  1.483  0.804  0.407      43     53     58   0.562
    70    361  0.025 |  1.483  0.804  0.407      43     53     58   0.562
#