# Hydraprot_sorted/2jfr_A.pdb
# Protein CA rmsd=  0.000
#  N   Nprd scorecut |   RMSD    Ave    Med   TP<0.5  TP<1.0  TP<1.5
    80     19  0.500 |  8.928  8.151 10.000      13     13     13   0.220
    80     22  0.475 |  8.727  7.830 10.000      15     15     15   0.208
    80     29  0.450 |  8.330  7.256 10.000      18     18     18   0.208
    80     32  0.425 |  8.141  6.994 10.000      19     19     19   0.290
    80     38  0.400 |  7.835  6.543 10.000      22     22     22   0.344
    80     47  0.375 |  7.318  5.892  7.509      25     25     25   0.328
    80     59  0.350 |  6.685  5.164  6.248      29     29     29   0.332
    80     71  0.325 |  6.101  4.462  3.409      32     33     33   0.416
    80     81  0.300 |  5.669  3.965  1.792      35     37     37   0.411
    80    101  0.275 |  4.242  2.740  0.627      40     42     42   0.423
    80    119  0.250 |  3.582  2.194  0.433      43     47     47   0.432
    80    141  0.225 |  3.291  1.908  0.421      45     52     53   0.457
    80    173  0.200 |  2.380  1.314  0.402      48     58     60   0.472
    80    184  0.175 |  2.032  1.161  0.402      48     59     61   0.477
    80    216  0.150 |  1.693  0.989  0.402      49     61     64   0.454
    80    253  0.125 |  1.446  0.874  0.402      49     62     66   0.489
    80    316  0.100 |  1.048  0.687  0.386      51     64     70   0.502
    80    364  0.075 |  0.963  0.654  0.386      51     64     71   0.513
    80    461  0.050 |  0.786  0.564  0.354      53     66     74   0.514
    80    461  0.025 |  0.786  0.564  0.354      53     66     74   0.514
#