# Hydraprot_sorted/2jhf_A.pdb
# Protein CA rmsd=  0.000
#  N   Nprd scorecut |   RMSD    Ave    Med   TP<0.5  TP<1.0  TP<1.5
   121     38  0.500 |  8.368  7.116 10.000      32     34     35   0.269
   121     44  0.475 |  8.089  6.705 10.000      36     38     39   0.268
   121     48  0.450 |  7.941  6.502 10.000      37     39     40   0.299
   121     59  0.425 |  7.557  6.045 10.000      39     41     43   0.319
   121     66  0.400 |  7.289  5.662  8.157      43     46     48   0.330
   121     74  0.375 |  6.926  5.188  5.108      47     51     53   0.325
   121     83  0.350 |  6.600  4.822  4.083      48     54     56   0.338
   121    109  0.325 |  5.631  3.736  0.539      59     67     69   0.333
   121    125  0.300 |  5.102  3.194  0.443      63     74     76   0.341
   121    140  0.275 |  4.540  2.699  0.412      65     79     81   0.332
   121    157  0.250 |  3.894  2.241  0.378      67     83     85   0.342
   121    186  0.225 |  3.250  1.766  0.362      71     90     92   0.355
   121    214  0.200 |  2.755  1.444  0.344      74     94     96   0.356
   121    238  0.175 |  2.489  1.279  0.344      76     96     99   0.367
   121    285  0.150 |  1.737  0.944  0.338      77    100    103   0.374
   121    342  0.125 |  1.443  0.785  0.337      78    104    107   0.393
   121    447  0.100 |  0.942  0.557  0.337      81    108    115   0.427
   121    526  0.075 |  0.735  0.509  0.337      81    108    116   0.433
   121    679  0.050 |  0.580  0.449  0.325      83    111    119   0.435
   121    679  0.025 |  0.580  0.449  0.325      83    111    119   0.435
#