# Hydraprot_sorted/2pnd_A.pdb
# Protein CA rmsd=  0.000
#  N   Nprd scorecut |   RMSD    Ave    Med   TP<0.5  TP<1.0  TP<1.5
    59     15  0.500 |  8.672  7.671 10.000      11     12     13   0.345
    59     20  0.475 |  8.277  7.075 10.000      13     15     16   0.336
    59     22  0.450 |  8.086  6.809 10.000      14     16     17   0.336
    59     24  0.425 |  7.928  6.592 10.000      15     17     18   0.323
    59     28  0.400 |  7.570  6.074 10.000      18     20     21   0.318
    59     34  0.375 |  7.154  5.577  7.098      20     22     23   0.311
    59     40  0.350 |  6.598  4.914  4.782      22     24     25   0.410
    59     44  0.325 |  6.277  4.549  3.313      23     26     27   0.424
    59     50  0.300 |  5.676  3.871  0.980      27     30     31   0.404
    59     61  0.275 |  4.779  3.058  0.636      29     32     34   0.418
    59     68  0.250 |  4.492  2.803  0.492      30     33     35   0.444
    59     76  0.225 |  4.078  2.441  0.485      31     35     38   0.475
    59     91  0.200 |  3.276  1.854  0.421      32     38     42   0.507
    59    102  0.175 |  2.553  1.480  0.421      32     39     43   0.510
    59    118  0.150 |  2.100  1.117  0.370      34     44     48   0.515
    59    127  0.125 |  1.998  1.045  0.370      34     45     50   0.535
    59    166  0.100 |  1.553  0.902  0.370      34     46     50   0.518
    59    205  0.075 |  1.120  0.711  0.370      35     47     53   0.544
    59    262  0.050 |  0.737  0.566  0.370      36     49     55   0.538
    59    262  0.025 |  0.737  0.566  0.370      36     49     55   0.538
#