# Hydraprot_sorted/2pvb_A.pdb
# Protein CA rmsd=  0.000
#  N   Nprd scorecut |   RMSD    Ave    Med   TP<0.5  TP<1.0  TP<1.5
    38     15  0.500 |  8.216  7.056 10.000       9     10     10   0.256
    38     19  0.475 |  7.887  6.744  9.695       9     10     10   0.256
    38     20  0.450 |  7.887  6.744  9.695       9     10     10   0.256
    38     23  0.425 |  7.586  6.367  7.823      10     11     11   0.246
    38     28  0.400 |  7.176  5.995  6.929      10     11     11   0.246
    38     36  0.375 |  6.065  4.590  5.346      11     16     16   0.331
    38     38  0.350 |  5.861  4.347  4.664      12     17     17   0.339
    38     45  0.325 |  5.330  3.826  2.667      13     18     18   0.335
    38     49  0.300 |  4.876  3.358  0.658      14     20     20   0.349
    38     52  0.275 |  4.821  3.315  0.658      14     20     20   0.349
    38     60  0.250 |  4.213  2.731  0.586      16     22     22   0.336
    38     70  0.225 |  3.457  2.222  0.559      17     23     23   0.338
    38     75  0.200 |  3.112  1.990  0.559      17     23     25   0.410
    38     84  0.175 |  2.930  1.821  0.545      18     24     26   0.403
    38    107  0.150 |  1.930  1.160  0.506      19     28     30   0.435
    38    123  0.125 |  1.806  1.053  0.485      20     29     31   0.426
    38    154  0.100 |  1.409  0.908  0.485      20     29     31   0.426
    38    174  0.075 |  1.341  0.848  0.444      21     30     32   0.426
    38    223  0.050 |  0.744  0.551  0.405      22     34     36   0.456
    38    223  0.025 |  0.744  0.551  0.405      22     34     36   0.456
#