# Hydraprot_sorted/2rbk_A.pdb
# Protein CA rmsd=  0.000
#  N   Nprd scorecut |   RMSD    Ave    Med   TP<0.5  TP<1.0  TP<1.5
   102     26  0.500 |  8.755  7.861 10.000      16     19     19   0.288
   102     30  0.475 |  8.592  7.617 10.000      18     21     21   0.276
   102     35  0.450 |  8.395  7.335 10.000      20     23     23   0.266
   102     42  0.425 |  8.027  6.787 10.000      23     27     27   0.331
   102     44  0.400 |  7.904  6.598 10.000      24     29     29   0.333
   102     57  0.375 |  7.187  5.596  7.240      32     39     39   0.339
   102     63  0.350 |  6.900  5.266  5.237      34     41     41   0.330
   102     80  0.325 |  6.061  4.269  2.266      42     50     50   0.335
   102     96  0.300 |  5.450  3.642  0.721      46     56     56   0.340
   102    113  0.275 |  4.729  2.942  0.454      53     63     63   0.339
   102    123  0.250 |  4.349  2.623  0.439      54     64     65   0.349
   102    146  0.225 |  3.548  2.022  0.377      59     70     71   0.349
   102    176  0.200 |  2.945  1.622  0.372      61     74     75   0.354
   102    199  0.175 |  2.470  1.318  0.359      63     77     79   0.363
   102    234  0.150 |  1.843  0.968  0.347      66     84     87   0.381
   102    263  0.125 |  1.634  0.861  0.347      66     86     89   0.387
   102    342  0.100 |  1.067  0.582  0.347      68     93     96   0.400
   102    406  0.075 |  0.890  0.528  0.347      68     94     97   0.402
   102    498  0.050 |  0.706  0.456  0.344      69     96    100   0.411
   102    498  0.025 |  0.706  0.456  0.344      69     96    100   0.411
#