# Hydraprot_sorted/2v1m_A.pdb
# Protein CA rmsd=  0.000
#  N   Nprd scorecut |   RMSD    Ave    Med   TP<0.5  TP<1.0  TP<1.5
    73     20  0.500 |  8.677  7.714 10.000      14     15     15   0.365
    73     24  0.475 |  8.380  7.254 10.000      16     18     18   0.363
    73     24  0.450 |  8.380  7.254 10.000      16     18     18   0.363
    73     31  0.425 |  7.856  6.522 10.000      19     22     22   0.348
    73     34  0.400 |  7.745  6.369 10.000      20     23     23   0.346
    73     44  0.375 |  6.980  5.341  5.351      25     29     29   0.342
    73     49  0.350 |  6.747  5.073  4.965      26     30     30   0.337
    73     56  0.325 |  6.399  4.629  3.723      29     34     34   0.285
    73     60  0.300 |  6.116  4.318  2.664      30     36     36   0.296
    73     74  0.275 |  5.581  3.869  0.813      31     37     37   0.294
    73     83  0.250 |  4.997  3.304  0.599      33     41     41   0.325
    73    100  0.225 |  4.050  2.423  0.362      39     49     49   0.339
    73    114  0.200 |  3.578  2.039  0.362      40     52     52   0.348
    73    125  0.175 |  3.088  1.755  0.362      41     53     53   0.350
    73    153  0.150 |  2.603  1.392  0.355      45     57     58   0.359
    73    177  0.125 |  1.657  0.943  0.349      46     59     61   0.375
    73    228  0.100 |  1.249  0.729  0.345      48     62     65   0.390
    73    268  0.075 |  1.010  0.629  0.345      48     62     67   0.416
    73    339  0.050 |  0.899  0.576  0.345      48     63     69   0.431
    73    339  0.025 |  0.899  0.576  0.345      48     63     69   0.431
#