# Hydraprot_sorted/2vb1_A.pdb
# Protein CA rmsd=  0.000
#  N   Nprd scorecut |   RMSD    Ave    Med   TP<0.5  TP<1.0  TP<1.5
    56     12  0.500 |  8.953  8.089 10.000       9     11     11   0.332
    56     14  0.475 |  8.752  7.756 10.000      10     12     13   0.383
    56     17  0.450 |  8.489  7.349 10.000      12     14     15   0.368
    56     21  0.425 |  8.170  6.895 10.000      14     16     17   0.345
    56     26  0.400 |  7.694  6.269 10.000      16     18     19   0.341
    56     26  0.375 |  7.694  6.269 10.000      16     18     19   0.341
    56     30  0.350 |  7.337  5.791  8.823      18     20     21   0.333
    56     37  0.325 |  6.629  4.959  3.867      20     22     23   0.318
    56     41  0.300 |  6.265  4.635  3.653      20     22     23   0.318
    56     49  0.275 |  5.492  3.908  2.938      22     25     26   0.327
    56     54  0.250 |  4.900  3.446  2.808      22     25     26   0.327
    56     71  0.225 |  4.121  2.753  0.798      22     30     31   0.387
    56     91  0.200 |  2.978  1.742  0.503      27     40     41   0.406
    56    102  0.175 |  2.700  1.574  0.503      27     41     42   0.414
    56    119  0.150 |  2.513  1.401  0.476      29     43     44   0.410
    56    139  0.125 |  1.852  1.048  0.456      30     44     46   0.455
    56    169  0.100 |  1.324  0.834  0.456      30     44     48   0.483
    56    197  0.075 |  1.238  0.797  0.456      30     44     49   0.470
    56    255  0.050 |  1.104  0.728  0.456      30     45     50   0.500
    56    255  0.025 |  1.104  0.728  0.456      30     45     50   0.500
#