# Hydraprot_sorted/2vha_A.pdb
# Protein CA rmsd=  0.000
#  N   Nprd scorecut |   RMSD    Ave    Med   TP<0.5  TP<1.0  TP<1.5
    88     38  0.500 |  7.723  6.191 10.000      30     32     32   0.257
    88     43  0.475 |  7.433  5.803 10.000      32     35     35   0.263
    88     52  0.450 |  7.006  5.235  6.902      37     40     40   0.270
    88     58  0.425 |  6.651  4.793  3.011      40     43     43   0.264
    88     61  0.400 |  6.500  4.585  0.666      42     45     45   0.261
    88     69  0.375 |  6.118  4.181  0.507      44     47     48   0.287
    88     72  0.350 |  5.950  4.049  0.507      44     47     48   0.287
    88     83  0.325 |  5.454  3.501  0.425      47     51     53   0.314
    88     88  0.300 |  5.159  3.214  0.404      48     53     55   0.319
    88    109  0.275 |  4.167  2.424  0.378      53     59     61   0.326
    88    124  0.250 |  3.533  1.997  0.376      55     61     63   0.327
    88    142  0.225 |  3.162  1.685  0.358      58     65     67   0.331
    88    166  0.200 |  2.778  1.429  0.355      59     68     70   0.362
    88    195  0.175 |  2.201  1.089  0.342      62     72     74   0.363
    88    241  0.150 |  1.843  0.894  0.336      63     75     77   0.352
    88    283  0.125 |  1.674  0.772  0.304      65     79     80   0.347
    88    353  0.100 |  1.377  0.631  0.304      66     82     83   0.356
    88    414  0.075 |  1.273  0.563  0.304      67     84     85   0.361
    88    550  0.050 |  1.140  0.509  0.304      68     85     86   0.363
    88    550  0.025 |  1.140  0.509  0.304      68     85     86   0.363
#