# Hydraprot_sorted/2vxn_A.pdb
# Protein CA rmsd=  0.000
#  N   Nprd scorecut |   RMSD    Ave    Med   TP<0.5  TP<1.0  TP<1.5
    94     26  0.500 |  8.731  7.758 10.000      20     20     20   0.200
    94     31  0.475 |  8.546  7.444 10.000      23     23     23   0.196
    94     33  0.450 |  8.535  7.434 10.000      23     23     23   0.196
    94     44  0.425 |  8.010  6.693 10.000      28     28     28   0.193
    94     49  0.400 |  7.778  6.356 10.000      31     31     31   0.211
    94     59  0.375 |  7.240  5.623  7.386      36     36     36   0.212
    94     68  0.350 |  6.817  5.027  4.497      42     42     42   0.217
    94     80  0.325 |  6.431  4.605  3.745      44     45     45   0.230
    94     91  0.300 |  5.867  4.014  0.644      47     48     48   0.226
    94    102  0.275 |  5.488  3.679  0.430      48     50     50   0.242
    94    118  0.250 |  4.706  3.006  0.352      51     54     55   0.265
    94    145  0.225 |  3.936  2.421  0.352      51     57     59   0.321
    94    166  0.200 |  3.236  1.891  0.321      56     62     64   0.336
    94    189  0.175 |  2.822  1.664  0.318      57     63     65   0.335
    94    220  0.150 |  2.350  1.281  0.312      59     70     72   0.379
    94    253  0.125 |  2.086  1.160  0.312      59     70     73   0.387
    94    310  0.100 |  1.507  0.857  0.312      61     74     78   0.403
    94    361  0.075 |  1.410  0.801  0.312      62     75     79   0.403
    94    477  0.050 |  1.097  0.664  0.312      62     77     83   0.436
    94    477  0.025 |  1.097  0.664  0.312      62     77     83   0.436
#