# Hydraprot_sorted/2xod_A.pdb
# Protein CA rmsd=  0.000
#  N   Nprd scorecut |   RMSD    Ave    Med   TP<0.5  TP<1.0  TP<1.5
    29      7  0.500 |  8.808  7.972 10.000       5      5      5   0.242
    29      7  0.475 |  8.808  7.972 10.000       5      5      5   0.242
    29      8  0.450 |  8.735  7.900 10.000       5      5      5   0.242
    29      9  0.425 |  8.642  7.806 10.000       5      5      5   0.242
    29     13  0.400 |  8.051  7.038 10.000       5      5      6   0.590
    29     19  0.375 |  7.302  6.184  7.366       6      6      7   0.535
    29     23  0.350 |  7.016  5.780  6.825       6      7      8   0.573
    29     30  0.325 |  6.221  4.890  4.778       7      8      9   0.651
    29     36  0.300 |  5.702  4.425  3.765       7      8     10   0.694
    29     39  0.275 |  5.654  4.389  3.765       7      8     10   0.694
    29     48  0.250 |  4.277  2.975  1.166      11     12     15   0.615
    29     58  0.225 |  3.690  2.483  1.134      11     13     17   0.673
    29     69  0.200 |  3.239  2.108  1.091      12     14     18   0.656
    29     82  0.175 |  3.239  2.108  1.091      12     14     18   0.656
    29    101  0.150 |  2.593  1.738  1.091      12     14     18   0.706
    29    119  0.125 |  2.478  1.624  0.987      12     15     19   0.698
    29    158  0.100 |  1.706  1.112  0.520      14     18     22   0.677
    29    194  0.075 |  1.597  1.021  0.520      14     19     23   0.675
    29    241  0.050 |  0.841  0.669  0.485      16     22     26   0.669
    29    241  0.025 |  0.841  0.669  0.485      16     22     26   0.669
#