# Hydraprot_sorted/2xom_A.pdb
# Protein CA rmsd=  0.000
#  N   Nprd scorecut |   RMSD    Ave    Med   TP<0.5  TP<1.0  TP<1.5
    59     13  0.500 |  8.880  8.019 10.000       9     11     11   0.304
    59     18  0.475 |  8.390  7.201 10.000      12     16     16   0.320
    59     20  0.450 |  8.185  6.873 10.000      14     18     18   0.318
    59     22  0.425 |  8.078  6.769 10.000      14     18     18   0.318
    59     26  0.400 |  7.769  6.393 10.000      15     19     19   0.311
    59     31  0.375 |  7.320  5.746  8.092      17     23     23   0.337
    59     34  0.350 |  7.106  5.491  6.536      17     24     24   0.357
    59     38  0.325 |  6.762  5.065  4.360      19     26     26   0.353
    59     47  0.300 |  6.075  4.369  4.039      21     28     28   0.345
    59     52  0.275 |  5.664  3.961  0.895      22     30     30   0.354
    59     64  0.250 |  5.044  3.395  0.822      23     31     32   0.381
    59     77  0.225 |  4.314  2.843  0.822      23     31     33   0.447
    59     93  0.200 |  3.522  2.154  0.516      27     36     38   0.439
    59    105  0.175 |  3.186  1.947  0.516      27     37     39   0.443
    59    129  0.150 |  2.264  1.378  0.423      31     41     43   0.427
    59    146  0.125 |  1.853  1.074  0.353      34     46     48   0.425
    59    193  0.100 |  1.342  0.805  0.341      35     48     50   0.475
    59    235  0.075 |  1.178  0.699  0.338      37     50     52   0.471
    59    306  0.050 |  1.082  0.660  0.338      37     50     52   0.494
    59    306  0.025 |  1.082  0.660  0.338      37     50     52   0.494
#