# Hydraprot_sorted/2xu3_A.pdb
# Protein CA rmsd=  0.000
#  N   Nprd scorecut |   RMSD    Ave    Med   TP<0.5  TP<1.0  TP<1.5
   102     19  0.500 |  9.119  8.417 10.000      15     15     15   0.227
   102     23  0.475 |  8.903  8.046 10.000      18     18     18   0.295
   102     26  0.450 |  8.739  7.781 10.000      19     20     20   0.303
   102     36  0.425 |  8.285  7.139 10.000      23     24     24   0.296
   102     41  0.400 |  7.984  6.667 10.000      27     29     29   0.310
   102     47  0.375 |  7.725  6.314 10.000      30     32     32   0.297
   102     54  0.350 |  7.294  5.731  8.044      33     37     37   0.306
   102     68  0.325 |  6.608  4.850  4.287      40     46     46   0.314
   102     73  0.300 |  6.370  4.600  3.207      41     47     47   0.311
   102     94  0.275 |  5.290  3.561  0.753      46     53     53   0.352
   102    104  0.250 |  4.850  3.156  0.629      48     56     56   0.372
   102    124  0.225 |  4.241  2.653  0.595      49     58     60   0.422
   102    145  0.200 |  3.679  2.216  0.496      51     61     64   0.435
   102    161  0.175 |  2.768  1.640  0.450      53     66     70   0.450
   102    200  0.150 |  2.279  1.344  0.434      54     70     74   0.471
   102    231  0.125 |  1.902  1.125  0.402      56     73     77   0.469
   102    287  0.100 |  1.373  0.834  0.378      58     80     86   0.459
   102    338  0.075 |  1.318  0.799  0.377      59     81     87   0.458
   102    443  0.050 |  0.937  0.632  0.377      59     84     91   0.497
   102    443  0.025 |  0.937  0.632  0.377      59     84     91   0.497
#