# Hydraprot_sorted/2y78_A.pdb
# Protein CA rmsd=  0.000
#  N   Nprd scorecut |   RMSD    Ave    Med   TP<0.5  TP<1.0  TP<1.5
    57     14  0.500 |  8.745  7.749 10.000      12     12     12   0.323
    57     15  0.475 |  8.644  7.576 10.000      13     13     13   0.310
    57     17  0.450 |  8.496  7.361 10.000      14     14     14   0.311
    57     18  0.425 |  8.392  7.192 10.000      15     15     15   0.315
    57     20  0.400 |  8.308  7.093 10.000      15     15     15   0.315
    57     25  0.375 |  7.835  6.367 10.000      19     19     19   0.290
    57     26  0.350 |  7.723  6.195 10.000      20     20     20   0.286
    57     34  0.325 |  7.124  5.451  7.475      22     22     23   0.312
    57     39  0.300 |  6.827  5.078  5.537      24     24     25   0.308
    57     46  0.275 |  5.982  4.191  1.691      26     27     28   0.326
    57     55  0.250 |  5.535  3.794  1.068      26     27     29   0.351
    57     66  0.225 |  4.427  2.894  0.933      28     29     32   0.375
    57     83  0.200 |  3.504  2.294  0.606      28     30     33   0.382
    57     97  0.175 |  3.011  1.886  0.483      31     34     37   0.401
    57    119  0.150 |  2.469  1.450  0.375      34     37     42   0.424
    57    132  0.125 |  2.380  1.351  0.375      35     38     44   0.439
    57    166  0.100 |  1.554  0.915  0.375      36     41     48   0.461
    57    206  0.075 |  0.898  0.638  0.375      36     42     52   0.557
    57    258  0.050 |  0.898  0.638  0.375      36     42     52   0.557
    57    258  0.025 |  0.898  0.638  0.375      36     42     52   0.557
#