# Hydraprot_sorted/3agn_A.pdb
# Protein CA rmsd=  0.000
#  N   Nprd scorecut |   RMSD    Ave    Med   TP<0.5  TP<1.0  TP<1.5
    47      7  0.500 |  9.313  8.722 10.000       6      6      6   0.209
    47     12  0.475 |  8.726  7.711 10.000      10     10     11   0.338
    47     15  0.450 |  8.352  7.084 10.000      13     13     14   0.302
    47     21  0.425 |  7.724  6.227 10.000      15     16     17   0.298
    47     22  0.400 |  7.675  6.186 10.000      15     16     17   0.298
    47     28  0.375 |  7.099  5.353  7.395      19     20     21   0.281
    47     30  0.350 |  6.932  5.211  7.144      19     20     21   0.281
    47     37  0.325 |  6.219  4.499  4.350      20     21     23   0.314
    47     42  0.300 |  5.810  4.126  1.415      21     22     24   0.313
    47     52  0.275 |  5.362  3.775  1.415      21     22     24   0.313
    47     60  0.250 |  4.893  3.358  1.145      22     23     25   0.319
    47     70  0.225 |  4.241  2.789  0.592      23     24     27   0.398
    47     84  0.200 |  3.556  2.236  0.404      25     27     30   0.401
    47     95  0.175 |  3.325  2.058  0.404      25     27     30   0.401
    47    116  0.150 |  2.570  1.582  0.335      26     28     33   0.443
    47    132  0.125 |  1.794  1.077  0.308      29     32     37   0.486
    47    163  0.100 |  1.466  0.852  0.306      30     35     40   0.484
    47    196  0.075 |  1.204  0.750  0.306      30     35     40   0.484
    47    244  0.050 |  1.030  0.648  0.306      31     37     42   0.489
    47    244  0.025 |  1.030  0.648  0.306      31     37     42   0.489
#