# Hydraprot_sorted/3aks_A.pdb
# Protein CA rmsd=  0.000
#  N   Nprd scorecut |   RMSD    Ave    Med   TP<0.5  TP<1.0  TP<1.5
    86     11  0.500 |  9.394  8.934 10.000       7      8      8   0.300
    86     12  0.475 |  9.332  8.825 10.000       7      9      9   0.338
    86     14  0.450 |  9.222  8.652 10.000       8     10     10   0.320
    86     20  0.425 |  8.858  8.071 10.000      11     13     14   0.371
    86     22  0.400 |  8.754  7.919 10.000      12     14     15   0.370
    86     27  0.375 |  8.480  7.503 10.000      15     17     18   0.342
    86     30  0.350 |  8.341  7.310 10.000      16     18     19   0.337
    86     39  0.325 |  7.845  6.575 10.000      22     24     25   0.330
    86     46  0.300 |  7.460  6.103  8.269      24     26     27   0.314
    86     60  0.275 |  6.794  5.322  5.389      25     29     30   0.336
    86     76  0.250 |  6.054  4.528  3.897      26     32     35   0.405
    86    103  0.225 |  5.083  3.519  1.365      32     41     44   0.428
    86    129  0.200 |  4.076  2.738  0.918      33     45     48   0.471
    86    148  0.175 |  3.293  2.230  0.874      34     46     49   0.510
    86    169  0.150 |  2.714  1.754  0.673      37     52     55   0.528
    86    193  0.125 |  2.419  1.537  0.614      39     54     57   0.546
    86    242  0.100 |  1.660  1.053  0.501      43     62     68   0.582
    86    281  0.075 |  1.373  0.876  0.499      44     66     72   0.583
    86    364  0.050 |  1.230  0.795  0.499      44     68     74   0.602
    86    364  0.025 |  1.230  0.795  0.499      44     68     74   0.602
#