# Hydraprot_sorted/3bwh_A.pdb
# Protein CA rmsd=  0.000
#  N   Nprd scorecut |   RMSD    Ave    Med   TP<0.5  TP<1.0  TP<1.5
    74     23  0.500 |  8.491  7.525 10.000      14     14     14   0.183
    74     28  0.475 |  8.201  7.112 10.000      16     16     16   0.192
    74     32  0.450 |  7.872  6.625 10.000      18     19     19   0.216
    74     39  0.425 |  7.369  5.986  7.357      20     21     22   0.251
    74     46  0.400 |  6.911  5.391  5.392      24     25     26   0.242
    74     53  0.375 |  6.471  4.861  4.506      27     28     29   0.240
    74     63  0.350 |  5.802  4.167  3.355      31     32     33   0.243
    74     74  0.325 |  5.276  3.547  0.926      35     37     38   0.284
    74     90  0.300 |  4.475  2.833  0.402      39     41     42   0.282
    74    103  0.275 |  3.727  2.310  0.328      41     43     44   0.281
    74    114  0.250 |  3.099  1.870  0.312      43     46     47   0.331
    74    135  0.225 |  2.752  1.511  0.302      48     52     53   0.333
    74    160  0.200 |  1.967  1.047  0.298      50     57     59   0.366
    74    177  0.175 |  1.967  1.047  0.298      50     57     59   0.366
    74    210  0.150 |  1.687  0.859  0.298      51     60     62   0.401
    74    243  0.125 |  1.300  0.699  0.298      52     62     64   0.407
    74    322  0.100 |  1.154  0.653  0.298      53     63     65   0.384
    74    375  0.075 |  0.832  0.521  0.298      55     65     68   0.394
    74    482  0.050 |  0.589  0.433  0.298      55     68     72   0.411
    74    482  0.025 |  0.589  0.433  0.298      55     68     72   0.411
#