# Hydraprot_sorted/3d1p_A.pdb
# Protein CA rmsd=  0.000
#  N   Nprd scorecut |   RMSD    Ave    Med   TP<0.5  TP<1.0  TP<1.5
    58     11  0.500 |  9.027  8.242 10.000       9     10     10   0.304
    58     14  0.475 |  8.782  7.852 10.000      11     12     12   0.298
    58     18  0.450 |  8.482  7.344 10.000      14     15     15   0.273
    58     22  0.425 |  8.120  6.787 10.000      17     18     18   0.259
    58     24  0.400 |  7.913  6.498 10.000      18     19     19   0.269
    58     31  0.375 |  7.262  5.674  7.369      21     22     22   0.268
    58     33  0.350 |  7.020  5.341  6.153      23     24     24   0.275
    58     39  0.325 |  6.448  4.610  2.856      27     28     28   0.278
    58     41  0.300 |  6.295  4.492  2.856      27     28     28   0.278
    58     46  0.275 |  5.910  4.075  0.512      29     30     30   0.280
    58     54  0.250 |  5.467  3.688  0.497      29     31     31   0.288
    58     58  0.225 |  5.155  3.417  0.497      29     32     32   0.310
    58     76  0.200 |  3.877  2.466  0.469      31     35     35   0.324
    58     86  0.175 |  3.455  2.171  0.469      31     36     36   0.336
    58    107  0.150 |  2.852  1.727  0.465      32     39     40   0.382
    58    127  0.125 |  2.425  1.417  0.435      35     42     44   0.401
    58    172  0.100 |  1.762  1.068  0.435      35     44     47   0.429
    58    204  0.075 |  1.229  0.766  0.420      38     47     51   0.439
    58    259  0.050 |  1.073  0.685  0.420      38     48     53   0.461
    58    259  0.025 |  1.073  0.685  0.420      38     48     53   0.461
#