# Hydraprot_sorted/3dha_A.pdb
# Protein CA rmsd=  0.000
#  N   Nprd scorecut |   RMSD    Ave    Med   TP<0.5  TP<1.0  TP<1.5
    68     26  0.500 |  8.023  6.606 10.000      21     22     22   0.218
    68     30  0.475 |  7.654  6.066 10.000      24     25     25   0.217
    68     34  0.450 |  7.260  5.491 10.000      28     29     29   0.218
    68     41  0.425 |  6.753  4.785  1.604      33     34     34   0.209
    68     46  0.400 |  6.458  4.440  0.432      35     36     36   0.214
    68     55  0.375 |  5.679  3.629  0.347      38     39     39   0.242
    68     63  0.350 |  5.140  3.134  0.337      41     42     42   0.249
    68     70  0.325 |  4.612  2.623  0.301      44     45     46   0.269
    68     81  0.300 |  3.767  2.074  0.301      44     45     46   0.300
    68     95  0.275 |  3.227  1.669  0.268      46     48     49   0.306
    68    106  0.250 |  2.826  1.372  0.264      48     52     53   0.320
    68    131  0.225 |  1.462  0.722  0.257      53     58     59   0.328
    68    158  0.200 |  1.063  0.574  0.246      54     59     60   0.326
    68    179  0.175 |  0.962  0.531  0.246      54     60     61   0.330
    68    210  0.150 |  0.647  0.416  0.246      55     62     63   0.333
    68    235  0.125 |  0.592  0.393  0.246      55     63     64   0.339
    68    306  0.100 |  0.525  0.362  0.239      56     64     65   0.337
    68    363  0.075 |  0.492  0.348  0.239      56     65     66   0.322
    68    498  0.050 |  0.492  0.348  0.239      56     65     66   0.322
    68    498  0.025 |  0.492  0.348  0.239      56     65     66   0.322
#