# Hydraprot_sorted/3e4g_A.pdb
# Protein CA rmsd=  0.000
#  N   Nprd scorecut |   RMSD    Ave    Med   TP<0.5  TP<1.0  TP<1.5
    86     22  0.500 |  8.721  7.808 10.000      15     16     16   0.241
    86     25  0.475 |  8.519  7.468 10.000      18     19     19   0.243
    86     29  0.450 |  8.257  7.068 10.000      21     22     22   0.252
    86     35  0.425 |  7.876  6.532 10.000      24     25     25   0.246
    86     39  0.400 |  7.631  6.190 10.000      26     28     28   0.264
    86     48  0.375 |  7.054  5.391  6.700      32     35     35   0.289
    86     56  0.350 |  6.535  4.832  4.151      34     37     37   0.282
    86     62  0.325 |  6.302  4.586  3.342      35     38     38   0.285
    86     73  0.300 |  5.600  3.853  2.255      38     41     42   0.300
    86     82  0.275 |  5.205  3.490  0.962      40     43     44   0.306
    86     91  0.250 |  4.674  3.068  0.553      42     45     46   0.304
    86    102  0.225 |  4.104  2.612  0.476      44     49     50   0.319
    86    119  0.200 |  3.450  2.072  0.446      47     55     56   0.336
    86    130  0.175 |  3.018  1.792  0.437      48     57     58   0.342
    86    157  0.150 |  1.912  1.186  0.424      51     60     64   0.403
    86    190  0.125 |  1.736  1.036  0.384      55     64     68   0.398
    86    234  0.100 |  1.072  0.679  0.353      58     71     76   0.427
    86    273  0.075 |  1.031  0.657  0.353      58     72     77   0.433
    86    351  0.050 |  0.927  0.602  0.353      59     74     79   0.439
    86    351  0.025 |  0.927  0.602  0.353      59     74     79   0.439
#