# Hydraprot_sorted/3eo6_A.pdb
# Protein CA rmsd=  0.000
#  N   Nprd scorecut |   RMSD    Ave    Med   TP<0.5  TP<1.0  TP<1.5
    36      7  0.500 |  9.046  8.283 10.000       6      6      6   0.238
    36      9  0.475 |  8.734  7.744 10.000       8      8      8   0.254
    36      9  0.450 |  8.734  7.744 10.000       8      8      8   0.254
    36     14  0.425 |  8.196  7.025 10.000       9      9      9   0.252
    36     17  0.400 |  7.839  6.480 10.000      11     11     11   0.219
    36     21  0.375 |  7.492  6.027  9.746      12     12     12   0.221
    36     23  0.350 |  7.253  5.805  6.676      12     12     12   0.221
    36     27  0.325 |  6.897  5.339  5.646      13     13     13   0.217
    36     31  0.300 |  6.660  5.052  4.290      14     14     14   0.221
    36     38  0.275 |  6.322  4.746  3.797      14     14     14   0.221
    36     44  0.250 |  5.932  4.431  3.797      14     14     14   0.221
    36     56  0.225 |  4.625  3.218  1.943      15     17     18   0.322
    36     72  0.200 |  3.287  2.087  0.514      18     22     23   0.378
    36     81  0.175 |  3.086  1.838  0.420      20     24     25   0.375
    36     96  0.150 |  2.703  1.541  0.381      22     26     27   0.367
    36    114  0.125 |  2.051  1.179  0.375      23     27     28   0.422
    36    145  0.100 |  1.252  0.756  0.352      24     29     31   0.495
    36    180  0.075 |  1.133  0.694  0.352      24     29     32   0.516
    36    229  0.050 |  1.044  0.629  0.335      25     30     33   0.510
    36    229  0.025 |  1.044  0.629  0.335      25     30     33   0.510
#