# Hydraprot_sorted/3f1l_A.pdb
# Protein CA rmsd=  0.000
#  N   Nprd scorecut |   RMSD    Ave    Med   TP<0.5  TP<1.0  TP<1.5
    87     20  0.500 |  8.929  8.084 10.000      16     16     16   0.230
    87     23  0.475 |  8.807  7.910 10.000      16     17     17   0.250
    87     24  0.450 |  8.744  7.819 10.000      16     17     17   0.250
    87     30  0.425 |  8.469  7.419 10.000      18     19     20   0.298
    87     36  0.400 |  8.119  6.929 10.000      20     22     23   0.294
    87     47  0.375 |  7.664  6.372  9.192      22     25     26   0.299
    87     54  0.350 |  7.251  5.815  7.175      25     29     30   0.299
    87     74  0.325 |  6.283  4.735  4.580      30     34     35   0.337
    87     80  0.300 |  5.999  4.400  4.473      33     37     38   0.323
    87     94  0.275 |  5.407  3.771  2.059      36     41     42   0.339
    87    104  0.250 |  4.868  3.203  0.572      40     46     48   0.355
    87    127  0.225 |  3.988  2.516  0.536      42     51     53   0.351
    87    148  0.200 |  3.314  2.012  0.485      44     55     57   0.404
    87    179  0.175 |  2.613  1.542  0.433      47     60     62   0.425
    87    210  0.150 |  2.218  1.299  0.428      48     62     64   0.442
    87    244  0.125 |  2.002  1.157  0.428      48     65     67   0.447
    87    318  0.100 |  1.665  0.913  0.380      50     70     73   0.460
    87    381  0.075 |  1.116  0.676  0.379      53     73     78   0.460
    87    484  0.050 |  0.937  0.609  0.379      53     73     80   0.482
    87    484  0.025 |  0.937  0.609  0.379      53     73     80   0.482
#