# Hydraprot_sorted/3g46_A.pdb
# Protein CA rmsd=  0.000
#  N   Nprd scorecut |   RMSD    Ave    Med   TP<0.5  TP<1.0  TP<1.5
    56     12  0.500 |  8.988  8.175 10.000      10     10     10   0.241
    56     16  0.475 |  8.718  7.762 10.000      12     12     12   0.256
    56     18  0.450 |  8.511  7.423 10.000      13     14     14   0.292
    56     23  0.425 |  7.992  6.650 10.000      16     17     17   0.285
    56     27  0.400 |  7.643  6.191 10.000      17     18     19   0.345
    56     32  0.375 |  7.348  5.875  8.509      17     18     19   0.345
    56     38  0.350 |  6.932  5.414  5.230      18     19     20   0.337
    56     42  0.325 |  6.624  5.031  4.504      20     21     22   0.334
    56     47  0.300 |  6.087  4.458  3.713      22     23     24   0.330
    56     57  0.275 |  5.267  3.652  1.744      24     27     28   0.353
    56     62  0.250 |  5.127  3.570  1.744      24     27     28   0.353
    56     76  0.225 |  3.855  2.567  0.549      27     31     32   0.341
    56    102  0.200 |  3.086  1.901  0.426      32     37     38   0.340
    56    108  0.175 |  2.975  1.780  0.392      33     39     40   0.347
    56    131  0.150 |  2.381  1.332  0.335      36     43     44   0.349
    56    156  0.125 |  1.891  1.017  0.321      37     45     47   0.375
    56    201  0.100 |  1.006  0.578  0.321      38     50     53   0.413
    56    230  0.075 |  0.960  0.547  0.321      38     51     54   0.416
    56    299  0.050 |  0.948  0.538  0.321      38     52     54   0.407
    56    299  0.025 |  0.948  0.538  0.321      38     52     54   0.407
#