# Hydraprot_sorted/3ip0_A.pdb
# Protein CA rmsd=  0.000
#  N   Nprd scorecut |   RMSD    Ave    Med   TP<0.5  TP<1.0  TP<1.5
    65     14  0.500 |  8.924  8.113 10.000       9     11     11   0.301
    65     19  0.475 |  8.522  7.458 10.000      13     15     15   0.278
    65     23  0.450 |  8.267  7.166 10.000      13     15     15   0.278
    65     27  0.425 |  8.015  6.854 10.000      13     15     16   0.325
    65     31  0.400 |  7.713  6.407 10.000      15     18     19   0.350
    65     43  0.375 |  6.835  5.306  6.253      19     23     24   0.333
    65     45  0.350 |  6.609  5.027  4.008      20     24     26   0.380
    65     58  0.325 |  5.604  3.971  2.470      22     28     30   0.392
    65     63  0.300 |  5.321  3.678  2.407      24     30     32   0.379
    65     70  0.275 |  4.694  3.139  1.022      26     32     34   0.369
    65     80  0.250 |  4.332  2.898  1.022      26     32     34   0.369
    65     94  0.225 |  3.690  2.403  0.711      28     35     37   0.369
    65    110  0.200 |  3.280  2.095  0.595      29     37     39   0.378
    65    130  0.175 |  2.874  1.817  0.533      30     40     42   0.397
    65    154  0.150 |  2.342  1.501  0.516      31     43     45   0.405
    65    178  0.125 |  2.193  1.335  0.490      33     46     48   0.432
    65    226  0.100 |  1.655  1.048  0.490      33     47     51   0.468
    65    256  0.075 |  1.396  0.872  0.448      34     50     55   0.485
    65    327  0.050 |  1.058  0.684  0.448      34     52     60   0.554
    65    327  0.025 |  1.058  0.684  0.448      34     52     60   0.554
#