# Hydraprot_sorted/3jyo_A.pdb
# Protein CA rmsd=  0.000
#  N   Nprd scorecut |   RMSD    Ave    Med   TP<0.5  TP<1.0  TP<1.5
   112     26  0.500 |  8.965  8.229 10.000      16     17     17   0.265
   112     36  0.475 |  8.494  7.486 10.000      22     24     24   0.281
   112     40  0.450 |  8.301  7.207 10.000      24     26     26   0.277
   112     51  0.425 |  7.711  6.301 10.000      33     36     36   0.271
   112     55  0.400 |  7.531  6.108 10.000      33     36     36   0.271
   112     60  0.375 |  7.355  5.836  8.377      36     39     40   0.299
   112     66  0.350 |  7.055  5.442  6.650      40     43     44   0.288
   112     81  0.325 |  6.471  4.779  4.146      43     48     49   0.332
   112     93  0.300 |  6.058  4.376  3.239      43     50     51   0.342
   112    119  0.275 |  5.010  3.249  0.629      52     61     62   0.355
   112    129  0.250 |  4.610  2.921  0.576      54     64     65   0.357
   112    146  0.225 |  4.073  2.445  0.490      57     70     71   0.364
   112    177  0.200 |  3.126  1.821  0.450      61     75     76   0.399
   112    204  0.175 |  2.310  1.262  0.379      67     84     86   0.404
   112    248  0.150 |  1.889  1.048  0.366      68     86     89   0.412
   112    286  0.125 |  1.724  0.939  0.353      70     88     93   0.410
   112    348  0.100 |  1.520  0.849  0.353      70     90     95   0.416
   112    428  0.075 |  1.179  0.681  0.347      72     94    101   0.415
   112    552  0.050 |  0.923  0.581  0.347      74     96    104   0.440
   112    552  0.025 |  0.923  0.581  0.347      74     96    104   0.440
#