# Hydraprot_sorted/3kff_A.pdb
# Protein CA rmsd=  0.000
#  N   Nprd scorecut |   RMSD    Ave    Med   TP<0.5  TP<1.0  TP<1.5
    74      8  0.500 |  9.450  8.986 10.000       7      7      7   0.312
    74      9  0.475 |  9.378  8.852 10.000       8      8      8   0.285
    74     12  0.450 |  9.172  8.509 10.000      10     10     10   0.272
    74     14  0.425 |  9.024  8.248 10.000      11     12     12   0.286
    74     19  0.400 |  8.744  7.876 10.000      12     13     13   0.301
    74     23  0.375 |  8.435  7.388 10.000      14     16     16   0.327
    74     31  0.350 |  7.876  6.534 10.000      20     22     22   0.307
    74     44  0.325 |  7.007  5.417  5.963      24     29     29   0.352
    74     48  0.300 |  6.853  5.215  4.964      25     30     30   0.350
    74     58  0.275 |  6.212  4.448  2.517      28     35     36   0.385
    74     66  0.250 |  5.578  3.847  1.059      30     37     39   0.408
    74     75  0.225 |  4.813  3.183  0.670      33     40     43   0.418
    74     92  0.200 |  4.040  2.423  0.516      37     46     50   0.426
    74    108  0.175 |  3.498  2.025  0.465      40     49     53   0.417
    74    135  0.150 |  2.625  1.412  0.430      43     54     59   0.456
    74    153  0.125 |  2.299  1.207  0.405      45     56     62   0.458
    74    205  0.100 |  1.872  0.998  0.405      45     56     64   0.476
    74    243  0.075 |  1.623  0.847  0.405      45     59     67   0.489
    74    333  0.050 |  0.760  0.576  0.405      45     61     69   0.526
    74    333  0.025 |  0.760  0.576  0.405      45     61     69   0.526
#