# Hydraprot_sorted/3ks3_A.pdb
# Protein CA rmsd=  0.000
#  N   Nprd scorecut |   RMSD    Ave    Med   TP<0.5  TP<1.0  TP<1.5
   130     21  0.500 |  9.172  8.482 10.000      18     19     19   0.247
   130     27  0.475 |  8.945  8.114 10.000      21     23     23   0.263
   130     32  0.450 |  8.749  7.809 10.000      23     26     26   0.271
   130     39  0.425 |  8.438  7.302 10.000      28     32     32   0.278
   130     45  0.400 |  8.207  6.992 10.000      29     33     33   0.314
   130     56  0.375 |  7.762  6.378 10.000      34     38     39   0.332
   130     62  0.350 |  7.467  5.957 10.000      39     43     44   0.323
   130     69  0.325 |  7.164  5.571  7.156      42     46     48   0.333
   130     80  0.300 |  6.701  4.976  3.944      48     54     56   0.338
   130    103  0.275 |  5.726  3.941  1.152      55     64     66   0.358
   130    116  0.250 |  5.146  3.377  0.606      58     69     72   0.369
   130    134  0.225 |  4.491  2.786  0.547      63     75     79   0.381
   130    163  0.200 |  3.875  2.298  0.484      66     80     84   0.414
   130    184  0.175 |  3.091  1.831  0.469      67     83     88   0.439
   130    215  0.150 |  2.693  1.593  0.461      68     87     92   0.447
   130    247  0.125 |  2.262  1.303  0.425      71     91     98   0.459
   130    315  0.100 |  1.783  1.019  0.418      74     96    106   0.466
   130    380  0.075 |  1.427  0.851  0.415      75    101    111   0.472
   130    506  0.050 |  1.161  0.732  0.411      77    103    114   0.486
   130    506  0.025 |  1.161  0.732  0.411      77    103    114   0.486
#