# Hydraprot_sorted/3l8w_A.pdb
# Protein CA rmsd=  0.000
#  N   Nprd scorecut |   RMSD    Ave    Med   TP<0.5  TP<1.0  TP<1.5
    92     25  0.500 |  8.766  7.880 10.000      16     17     17   0.276
    92     31  0.475 |  8.508  7.488 10.000      19     20     20   0.251
    92     37  0.450 |  8.161  6.938 10.000      24     25     25   0.246
    92     41  0.425 |  7.969  6.694 10.000      25     26     26   0.246
    92     47  0.400 |  7.692  6.325 10.000      26     28     28   0.261
    92     62  0.375 |  6.958  5.396  6.645      30     34     35   0.294
    92     73  0.350 |  6.363  4.698  3.670      33     40     41   0.322
    92     86  0.325 |  5.586  3.866  1.087      39     46     47   0.307
    92     97  0.300 |  5.069  3.410  0.704      40     49     50   0.322
    92    123  0.275 |  4.335  2.716  0.529      45     55     57   0.334
    92    142  0.250 |  3.791  2.251  0.445      48     59     61   0.343
    92    166  0.225 |  3.500  2.050  0.444      49     61     63   0.353
    92    204  0.200 |  2.992  1.752  0.418      51     63     65   0.347
    92    228  0.175 |  2.840  1.564  0.377      54     68     70   0.355
    92    286  0.150 |  1.987  1.024  0.337      57     75     78   0.404
    92    319  0.125 |  1.556  0.818  0.337      58     77     81   0.418
    92    413  0.100 |  1.158  0.637  0.335      60     80     85   0.429
    92    492  0.075 |  1.082  0.602  0.335      60     81     86   0.431
    92    637  0.050 |  0.665  0.480  0.334      62     84     89   0.435
    92    637  0.025 |  0.665  0.480  0.334      62     84     89   0.435
#