# Hydraprot_sorted/3m5q_A.pdb
# Protein CA rmsd=  0.000
#  N   Nprd scorecut |   RMSD    Ave    Med   TP<0.5  TP<1.0  TP<1.5
   152     39  0.500 |  8.666  7.623 10.000      34     34     34   0.197
   152     49  0.475 |  8.286  7.021 10.000      41     42     42   0.215
   152     57  0.450 |  7.990  6.582 10.000      47     48     48   0.224
   152     68  0.425 |  7.573  6.003 10.000      54     55     55   0.237
   152     76  0.400 |  7.264  5.617  8.884      55     59     59   0.263
   152     88  0.375 |  6.848  5.096  4.727      62     66     66   0.259
   152    101  0.350 |  6.340  4.484  2.220      69     74     75   0.278
   152    113  0.325 |  5.886  4.008  0.705      71     79     80   0.290
   152    134  0.300 |  5.204  3.350  0.464      78     86     87   0.304
   152    156  0.275 |  4.411  2.682  0.398      84     94     95   0.313
   152    174  0.250 |  3.758  2.185  0.382      86     99    100   0.338
   152    204  0.225 |  3.144  1.772  0.365      91    105    106   0.361
   152    240  0.200 |  2.243  1.226  0.359      96    114    117   0.396
   152    265  0.175 |  1.991  1.083  0.357      98    117    120   0.408
   152    314  0.150 |  1.711  0.913  0.329     103    122    125   0.411
   152    361  0.125 |  1.595  0.850  0.329     103    124    128   0.421
   152    455  0.100 |  1.323  0.728  0.329     104    127    132   0.433
   152    533  0.075 |  1.129  0.624  0.322     107    131    137   0.424
   152    682  0.050 |  0.884  0.524  0.322     108    135    142   0.436
   152    682  0.025 |  0.884  0.524  0.322     108    135    142   0.436
#