# Hydraprot_sorted/3noq_A.pdb
# Protein CA rmsd=  0.000
#  N   Nprd scorecut |   RMSD    Ave    Med   TP<0.5  TP<1.0  TP<1.5
    59     21  0.500 |  8.439  7.367 10.000      14     14     14   0.181
    59     28  0.475 |  8.037  6.786 10.000      16     17     17   0.203
    59     30  0.450 |  7.824  6.461 10.000      17     19     19   0.227
    59     35  0.425 |  7.409  5.911  7.902      19     21     21   0.226
    59     42  0.400 |  6.818  5.134  6.454      22     24     25   0.255
    59     49  0.375 |  6.374  4.633  2.951      22     26     27   0.322
    59     54  0.350 |  5.899  4.156  1.582      24     28     29   0.323
    59     67  0.325 |  5.521  3.889  1.582      24     28     29   0.323
    59     72  0.300 |  5.273  3.700  1.582      24     28     29   0.323
    59     83  0.275 |  4.776  3.139  0.549      27     31     33   0.347
    59     87  0.250 |  4.683  3.068  0.549      27     32     34   0.326
    59    111  0.225 |  3.766  2.336  0.509      28     35     38   0.366
    59    128  0.200 |  3.386  1.985  0.467      30     38     41   0.368
    59    152  0.175 |  2.983  1.648  0.378      32     41     44   0.393
    59    176  0.150 |  2.676  1.410  0.378      32     44     47   0.406
    59    217  0.125 |  1.566  0.847  0.333      35     47     51   0.441
    59    279  0.100 |  0.762  0.532  0.333      37     50     55   0.487
    59    333  0.075 |  0.736  0.520  0.333      37     50     56   0.477
    59    423  0.050 |  0.629  0.481  0.333      37     51     57   0.481
    59    423  0.025 |  0.629  0.481  0.333      37     51     57   0.481
#