# Hydraprot_sorted/3ql9_A.pdb
# Protein CA rmsd=  0.000
#  N   Nprd scorecut |   RMSD    Ave    Med   TP<0.5  TP<1.0  TP<1.5
    54      7  0.500 |  9.406  8.960 10.000       4      5      5   0.331
    54     14  0.475 |  8.819  7.988 10.000       7      9     10   0.468
    54     18  0.450 |  8.440  7.395 10.000       9     12     13   0.453
    54     19  0.425 |  8.329  7.211 10.000      10     13     14   0.427
    54     24  0.400 |  7.999  6.780 10.000      11     14     15   0.424
    54     34  0.375 |  7.151  5.767  6.781      13     17     18   0.418
    54     39  0.350 |  6.831  5.423  5.705      14     18     19   0.419
    54     44  0.325 |  6.474  4.980  4.474      16     20     21   0.403
    54     44  0.300 |  6.474  4.980  4.474      16     20     21   0.403
    54     58  0.275 |  5.539  3.981  3.100      18     24     25   0.417
    54     63  0.250 |  5.071  3.494  0.983      20     27     28   0.423
    54     75  0.225 |  4.314  2.848  0.636      22     30     31   0.422
    54     95  0.200 |  2.931  1.858  0.591      24     35     36   0.446
    54    111  0.175 |  2.417  1.449  0.509      27     40     41   0.454
    54    139  0.150 |  1.828  1.101  0.496      28     43     44   0.494
    54    156  0.125 |  1.255  0.743  0.464      31     48     49   0.488
    54    194  0.100 |  0.958  0.661  0.464      31     48     49   0.513
    54    221  0.075 |  0.728  0.560  0.451      32     50     51   0.516
    54    288  0.050 |  0.571  0.494  0.441      33     52     53   0.494
    54    288  0.025 |  0.571  0.494  0.441      33     52     53   0.494
#