# Hydraprot_sorted/3qpa_A.pdb
# Protein CA rmsd=  0.000
#  N   Nprd scorecut |   RMSD    Ave    Med   TP<0.5  TP<1.0  TP<1.5
    73     23  0.500 |  8.489  7.496 10.000      13     15     15   0.376
    73     26  0.475 |  8.393  7.396 10.000      13     15     15   0.376
    73     27  0.450 |  8.311  7.261 10.000      14     16     16   0.366
    73     37  0.425 |  7.684  6.451 10.000      15     18     19   0.420
    73     42  0.400 |  7.296  5.956  7.603      17     20     21   0.413
    73     50  0.375 |  6.624  5.160  5.019      21     24     25   0.383
    73     54  0.350 |  6.313  4.786  4.333      23     27     28   0.392
    73     65  0.325 |  5.630  4.019  2.987      28     32     33   0.360
    73     70  0.300 |  5.411  3.731  1.581      31     35     36   0.366
    73     81  0.275 |  4.941  3.286  0.889      33     38     39   0.364
    73     89  0.250 |  4.529  2.865  0.561      34     41     43   0.392
    73    104  0.225 |  3.917  2.334  0.487      38     46     48   0.385
    73    130  0.200 |  2.748  1.552  0.459      41     50     54   0.409
    73    150  0.175 |  2.191  1.235  0.371      44     53     57   0.402
    73    180  0.150 |  1.973  1.114  0.371      44     55     59   0.415
    73    204  0.125 |  1.905  1.047  0.371      45     56     61   0.424
    73    252  0.100 |  1.375  0.780  0.367      46     59     64   0.426
    73    291  0.075 |  1.061  0.663  0.367      46     60     66   0.437
    73    370  0.050 |  0.940  0.606  0.367      46     61     68   0.456
    73    370  0.025 |  0.940  0.606  0.367      46     61     68   0.456
#