# Hydraprot_sorted/3qr7_A.pdb
# Protein CA rmsd=  0.000
#  N   Nprd scorecut |   RMSD    Ave    Med   TP<0.5  TP<1.0  TP<1.5
    20      7  0.500 |  8.474  7.527 10.000       4      4      4   0.225
    20      9  0.475 |  8.174  7.038 10.000       5      5      5   0.223
    20     10  0.450 |  7.928  6.766 10.000       5      5      5   0.223
    20     13  0.425 |  7.423  6.135  7.704       5      6      6   0.301
    20     17  0.400 |  7.066  5.800  6.183       5      6      6   0.301
    20     21  0.375 |  6.319  4.818  5.111       7      8      8   0.269
    20     25  0.350 |  6.140  4.494  4.791       8      9      9   0.261
    20     30  0.325 |  5.205  3.517  0.872       9     10     11   0.342
    20     34  0.300 |  5.178  3.501  0.872       9     10     11   0.342
    20     51  0.275 |  4.022  2.429  0.425      11     12     13   0.342
    20     58  0.250 |  3.671  2.269  0.425      11     12     13   0.342
    20     72  0.225 |  3.671  2.269  0.425      11     12     13   0.342
    20     88  0.200 |  2.958  1.833  0.425      11     13     14   0.386
    20    100  0.175 |  2.552  1.532  0.425      11     14     15   0.408
    20    117  0.150 |  1.742  1.040  0.425      11     15     17   0.489
    20    124  0.125 |  1.614  0.902  0.321      12     16     18   0.472
    20    149  0.100 |  1.284  0.736  0.321      12     16     19   0.511
    20    173  0.075 |  1.284  0.736  0.321      12     16     19   0.511
    20    211  0.050 |  0.678  0.543  0.321      12     16     20   0.543
    20    211  0.025 |  0.678  0.543  0.321      12     16     20   0.543
#