# Hydraprot_sorted/3rwn_A.pdb
# Protein CA rmsd=  0.000
#  N   Nprd scorecut |   RMSD    Ave    Med   TP<0.5  TP<1.0  TP<1.5
    58      9  0.500 |  9.295  8.787 10.000       6      6      6   0.270
    58     12  0.475 |  9.112  8.506 10.000       7      7      7   0.259
    58     15  0.450 |  8.889  8.224 10.000       7      7      7   0.259
    58     19  0.425 |  8.519  7.650 10.000       8     10     10   0.346
    58     26  0.400 |  8.144  7.137 10.000      10     12     12   0.332
    58     36  0.375 |  7.372  6.186  6.879      12     15     15   0.322
    58     40  0.350 |  7.205  6.020  6.683      12     15     15   0.322
    58     49  0.325 |  6.402  5.069  4.988      15     19     19   0.315
    58     56  0.300 |  5.973  4.634  4.874      17     21     21   0.305
    58     70  0.275 |  5.152  3.861  4.304      19     24     25   0.357
    58     79  0.250 |  4.754  3.443  2.866      21     26     27   0.347
    58     97  0.225 |  4.227  2.939  1.053      23     29     30   0.354
    58    114  0.200 |  3.505  2.365  0.618      26     32     33   0.378
    58    129  0.175 |  3.137  2.082  0.593      27     34     35   0.389
    58    155  0.150 |  2.307  1.432  0.480      30     39     41   0.444
    58    172  0.125 |  2.004  1.253  0.480      30     39     43   0.484
    58    215  0.100 |  1.321  0.850  0.382      32     43     48   0.487
    58    253  0.075 |  0.978  0.668  0.369      33     46     51   0.514
    58    325  0.050 |  0.798  0.580  0.369      33     49     54   0.507
    58    325  0.025 |  0.798  0.580  0.369      33     49     54   0.507
#