# Hydraprot_sorted/3soj_A.pdb
# Protein CA rmsd=  0.000
#  N   Nprd scorecut |   RMSD    Ave    Med   TP<0.5  TP<1.0  TP<1.5
    41      8  0.500 |  9.104  8.446 10.000       5      5      6   0.398
    41     11  0.475 |  8.829  7.969 10.000       7      7      8   0.378
    41     13  0.450 |  8.684  7.722 10.000       8      8      9   0.354
    41     15  0.425 |  8.449  7.381 10.000       9      9     10   0.346
    41     17  0.400 |  8.185  7.004 10.000      10     10     11   0.355
    41     19  0.375 |  7.935  6.698 10.000      10     10     11   0.479
    41     20  0.350 |  7.934  6.696 10.000      10     10     11   0.479
    41     27  0.325 |  7.320  6.065  6.905      10     10     11   0.479
    41     44  0.300 |  5.832  4.496  4.773      12     14     15   0.509
    41     53  0.275 |  4.840  3.405  1.836      16     19     20   0.494
    41     64  0.250 |  4.020  2.699  0.962      18     22     23   0.495
    41     79  0.225 |  3.065  1.896  0.518      20     27     28   0.485
    41     94  0.200 |  2.361  1.400  0.445      21     30     32   0.517
    41    100  0.175 |  2.013  1.140  0.434      23     32     34   0.499
    41    116  0.150 |  1.466  0.868  0.428      24     34     36   0.499
    41    130  0.125 |  1.227  0.759  0.428      24     35     37   0.509
    41    167  0.100 |  0.827  0.591  0.417      25     36     39   0.523
    41    191  0.075 |  0.827  0.591  0.417      25     36     39   0.523
    41    238  0.050 |  0.667  0.537  0.417      25     36     40   0.537
    41    238  0.025 |  0.667  0.537  0.417      25     36     40   0.537
#