# Hydraprot_sorted/3vii_A.pdb
# Protein CA rmsd=  0.000
#  N   Nprd scorecut |   RMSD    Ave    Med   TP<0.5  TP<1.0  TP<1.5
   197     51  0.500 |  8.677  7.677 10.000      42     42     42   0.197
   197     65  0.475 |  8.322  7.143 10.000      49     49     50   0.223
   197     72  0.450 |  8.158  6.924 10.000      51     51     53   0.240
   197     87  0.425 |  7.717  6.252 10.000      64     64     66   0.263
   197     97  0.400 |  7.467  5.912 10.000      70     70     72   0.266
   197    114  0.375 |  7.048  5.399  6.705      76     77     79   0.269
   197    128  0.350 |  6.652  4.937  4.633      80     83     85   0.300
   197    153  0.325 |  5.911  4.122  1.816      88     95     97   0.307
   197    169  0.300 |  5.407  3.653  0.779      91    100    102   0.327
   197    187  0.275 |  4.904  3.205  0.574      96    106    108   0.330
   197    206  0.250 |  4.461  2.833  0.462     100    112    115   0.343
   197    237  0.225 |  3.746  2.268  0.416     108    122    125   0.356
   197    279  0.200 |  2.876  1.706  0.374     114    133    136   0.364
   197    308  0.175 |  2.454  1.431  0.350     120    140    143   0.359
   197    359  0.150 |  2.032  1.181  0.331     124    146    149   0.368
   197    419  0.125 |  1.617  0.925  0.326     129    155    160   0.385
   197    534  0.100 |  1.118  0.667  0.320     134    166    174   0.412
   197    630  0.075 |  0.979  0.601  0.320     134    169    179   0.424
   197    829  0.050 |  0.767  0.505  0.315     136    174    187   0.438
   197    829  0.025 |  0.767  0.505  0.315     136    174    187   0.438
#