# Hydraprot_sorted/3vla_A.pdb
# Protein CA rmsd=  0.000
#  N   Nprd scorecut |   RMSD    Ave    Med   TP<0.5  TP<1.0  TP<1.5
   177     35  0.500 |  9.024  8.257 10.000      27     28     28   0.213
   177     46  0.475 |  8.683  7.683 10.000      36     37     38   0.241
   177     52  0.450 |  8.505  7.433 10.000      37     39     40   0.254
   177     73  0.425 |  7.818  6.417 10.000      48     54     55   0.282
   177     90  0.400 |  7.284  5.715  9.331      55     63     64   0.281
   177    104  0.375 |  6.848  5.141  4.797      64     72     74   0.291
   177    113  0.350 |  6.565  4.823  4.453      68     76     78   0.293
   177    138  0.325 |  5.875  4.087  1.422      76     86     89   0.308
   177    151  0.300 |  5.446  3.661  0.657      80     91     95   0.320
   177    182  0.275 |  4.560  2.831  0.486      89    102    108   0.347
   177    199  0.250 |  4.001  2.432  0.459      91    106    112   0.351
   177    236  0.225 |  3.182  1.890  0.406      97    114    120   0.355
   177    281  0.200 |  2.709  1.575  0.391     103    121    127   0.355
   177    311  0.175 |  2.507  1.431  0.385     106    124    130   0.365
   177    381  0.150 |  1.952  1.026  0.335     116    140    146   0.384
   177    433  0.125 |  1.616  0.859  0.316     120    145    151   0.385
   177    518  0.100 |  1.250  0.693  0.311     122    148    157   0.419
   177    619  0.075 |  1.040  0.602  0.311     122    152    163   0.426
   177    781  0.050 |  0.695  0.487  0.302     124    156    169   0.439
   177    781  0.025 |  0.695  0.487  0.302     124    156    169   0.439
#