# Hydraprot_sorted/3vor_A.pdb
# Protein CA rmsd=  0.000
#  N   Nprd scorecut |   RMSD    Ave    Med   TP<0.5  TP<1.0  TP<1.5
    75     11  0.500 |  9.311  8.805 10.000       6      7      8   0.440
    75     16  0.475 |  8.953  8.192 10.000      10     11     12   0.364
    75     18  0.450 |  8.803  7.937 10.000      11     13     14   0.378
    75     26  0.425 |  8.218  7.051 10.000      16     18     19   0.337
    75     36  0.400 |  7.590  6.238 10.000      19     22     23   0.350
    75     47  0.375 |  6.847  5.229  5.175      24     30     31   0.359
    75     52  0.350 |  6.456  4.772  4.514      26     33     34   0.359
    75     60  0.325 |  6.047  4.280  1.303      29     37     38   0.359
    75     66  0.300 |  5.588  3.814  0.680      31     40     41   0.359
    75     78  0.275 |  5.142  3.386  0.679      31     42     43   0.404
    75     85  0.250 |  4.812  3.081  0.593      33     44     45   0.408
    75    110  0.225 |  3.809  2.237  0.525      36     50     51   0.450
    75    130  0.200 |  2.972  1.709  0.499      38     53     55   0.472
    75    148  0.175 |  2.552  1.441  0.494      39     55     58   0.483
    75    172  0.150 |  1.589  0.924  0.491      40     60     65   0.511
    75    201  0.125 |  1.556  0.906  0.491      40     60     65   0.511
    75    243  0.100 |  1.299  0.788  0.485      41     62     67   0.508
    75    289  0.075 |  1.062  0.687  0.485      42     63     69   0.517
    75    371  0.050 |  0.849  0.601  0.467      43     64     71   0.528
    75    371  0.025 |  0.849  0.601  0.467      43     64     71   0.528
#