# Hydraprot_sorted/3wdn_A.pdb
# Protein CA rmsd=  0.000
#  N   Nprd scorecut |   RMSD    Ave    Med   TP<0.5  TP<1.0  TP<1.5
    37     10  0.500 |  8.873  8.146 10.000       4      5      5   0.265
    37     13  0.475 |  8.465  7.581 10.000       5      6      6   0.277
    37     16  0.450 |  7.984  6.854 10.000       7      8      8   0.248
    37     17  0.425 |  7.918  6.725 10.000       8      9      9   0.265
    37     19  0.400 |  7.764  6.544 10.000       8      9      9   0.265
    37     22  0.375 |  7.474  6.163  8.691       8     10     10   0.309
    37     27  0.350 |  7.111  5.687  7.563       9     11     12   0.352
    37     34  0.325 |  6.166  4.646  4.445      11     13     15   0.407
    37     39  0.300 |  5.420  3.918  2.906      12     15     17   0.407
    37     47  0.275 |  4.181  2.976  1.366      13     17     19   0.416
    37     55  0.250 |  3.709  2.517  0.705      15     19     21   0.396
    37     71  0.225 |  3.233  2.110  0.671      16     20     23   0.419
    37     86  0.200 |  3.080  2.020  0.671      16     20     23   0.419
    37     99  0.175 |  2.880  1.834  0.560      17     21     24   0.404
    37    120  0.150 |  2.433  1.461  0.394      20     24     27   0.400
    37    140  0.125 |  1.950  1.113  0.333      21     26     30   0.439
    37    171  0.100 |  1.356  0.868  0.333      21     27     31   0.445
    37    202  0.075 |  1.297  0.844  0.333      21     27     31   0.445
    37    274  0.050 |  1.038  0.684  0.333      22     29     33   0.488
    37    274  0.025 |  1.038  0.684  0.333      22     29     33   0.488
#