# Hydraprot_sorted/3zuc_A.pdb
# Protein CA rmsd=  0.000
#  N   Nprd scorecut |   RMSD    Ave    Med   TP<0.5  TP<1.0  TP<1.5
    84     11  0.500 |  9.328  8.751 10.000      10     10     10   0.224
    84     14  0.475 |  9.135  8.406 10.000      13     13     13   0.249
    84     16  0.450 |  9.054  8.300 10.000      13     13     13   0.249
    84     24  0.425 |  8.553  7.517 10.000      17     18     18   0.307
    84     26  0.400 |  8.431  7.343 10.000      18     19     19   0.301
    84     33  0.375 |  7.961  6.664 10.000      22     23     23   0.283
    84     38  0.350 |  7.711  6.307 10.000      24     26     26   0.288
    84     47  0.325 |  7.178  5.655  6.715      27     29     30   0.318
    84     57  0.300 |  6.676  5.094  4.751      27     30     32   0.362
    84     70  0.275 |  5.697  4.069  2.806      29     36     38   0.405
    84     75  0.250 |  5.400  3.760  2.251      31     38     41   0.413
    84     93  0.225 |  4.437  2.957  0.937      34     43     46   0.416
    84    111  0.200 |  3.716  2.468  0.887      35     45     48   0.453
    84    122  0.175 |  3.347  2.242  0.811      36     46     49   0.452
    84    152  0.150 |  2.757  1.756  0.627      39     51     56   0.508
    84    186  0.125 |  1.983  1.215  0.494      43     59     65   0.515
    84    222  0.100 |  1.357  0.851  0.482      44     66     73   0.538
    84    257  0.075 |  1.183  0.753  0.470      45     68     76   0.549
    84    324  0.050 |  1.131  0.741  0.470      45     68     76   0.549
    84    324  0.025 |  1.131  0.741  0.470      45     68     76   0.549
#