# Hydraprot_sorted/4a02_A.pdb
# Protein CA rmsd=  0.000
#  N   Nprd scorecut |   RMSD    Ave    Med   TP<0.5  TP<1.0  TP<1.5
    65     12  0.500 |  9.175  8.546 10.000       6      8      9   0.432
    65     16  0.475 |  8.911  8.088 10.000       9     11     12   0.387
    65     16  0.450 |  8.911  8.088 10.000       9     11     12   0.387
    65     24  0.425 |  8.332  7.235 10.000      12     15     16   0.350
    65     27  0.400 |  8.069  6.847 10.000      14     17     18   0.332
    65     37  0.375 |  7.504  6.032  9.756      17     22     23   0.343
    65     41  0.350 |  7.420  5.892  9.466      18     23     24   0.344
    65     52  0.325 |  6.544  4.904  3.928      20     26     27   0.362
    65     56  0.300 |  6.411  4.702  3.817      22     28     29   0.348
    65     66  0.275 |  5.629  3.892  1.270      26     32     33   0.334
    65     80  0.250 |  4.908  3.141  0.617      29     37     38   0.338
    65     94  0.225 |  4.084  2.398  0.446      34     42     43   0.333
    65    114  0.200 |  3.066  1.663  0.318      39     47     48   0.322
    65    125  0.175 |  2.787  1.478  0.318      40     48     49   0.349
    65    147  0.150 |  1.755  1.019  0.318      41     50     52   0.370
    65    173  0.125 |  1.680  0.988  0.318      41     50     52   0.370
    65    216  0.100 |  1.438  0.842  0.318      41     52     55   0.400
    65    264  0.075 |  1.157  0.684  0.318      42     55     58   0.412
    65    345  0.050 |  0.682  0.493  0.318      44     58     62   0.433
    65    345  0.025 |  0.682  0.493  0.318      44     58     62   0.433
#