# Hydraprot_sorted/4a7u_A.pdb
# Protein CA rmsd=  0.000
#  N   Nprd scorecut |   RMSD    Ave    Med   TP<0.5  TP<1.0  TP<1.5
    52     10  0.500 |  9.000  8.187 10.000       9      9      9   0.261
    52     14  0.475 |  8.562  7.433 10.000      13     13     13   0.244
    52     16  0.450 |  8.345  7.112 10.000      14     14     14   0.245
    52     20  0.425 |  7.907  6.496 10.000      16     16     16   0.236
    52     23  0.400 |  7.623  6.100 10.000      17     18     18   0.267
    52     29  0.375 |  7.022  5.314  5.583      20     21     21   0.340
    52     33  0.350 |  6.498  4.613  2.381      23     25     25   0.361
    52     48  0.325 |  5.196  3.294  0.454      28     32     32   0.365
    52     52  0.300 |  5.027  3.123  0.447      29     33     33   0.368
    52     61  0.275 |  4.263  2.544  0.400      30     35     35   0.378
    52     67  0.250 |  4.010  2.383  0.400      30     35     35   0.378
    52     79  0.225 |  3.305  1.894  0.375      31     37     37   0.379
    52     95  0.200 |  2.659  1.484  0.361      32     38     39   0.398
    52    110  0.175 |  2.394  1.288  0.348      33     40     41   0.401
    52    136  0.150 |  1.876  1.010  0.348      34     41     42   0.431
    52    160  0.125 |  1.727  0.945  0.348      34     42     43   0.436
    52    187  0.100 |  1.662  0.923  0.348      34     42     43   0.436
    52    229  0.075 |  1.199  0.715  0.348      35     44     45   0.467
    52    311  0.050 |  1.001  0.625  0.348      35     45     47   0.494
    52    311  0.025 |  1.001  0.625  0.348      35     45     47   0.494
#