# Hydraprot_sorted/4bj0_A.pdb
# Protein CA rmsd=  0.000
#  N   Nprd scorecut |   RMSD    Ave    Med   TP<0.5  TP<1.0  TP<1.5
    73     15  0.500 |  9.033  8.263 10.000      12     12     12   0.241
    73     21  0.475 |  8.674  7.669 10.000      16     16     16   0.221
    73     25  0.450 |  8.401  7.241 10.000      18     19     19   0.242
    73     34  0.425 |  7.739  6.282 10.000      24     25     25   0.258
    73     37  0.400 |  7.566  5.978 10.000      27     28     28   0.255
    73     42  0.375 |  7.364  5.733  9.421      28     29     29   0.263
    73     49  0.350 |  6.730  4.925  4.748      33     34     34   0.259
    73     53  0.325 |  6.451  4.599  3.363      34     36     36   0.271
    73     62  0.300 |  5.857  3.980  0.710      35     38     39   0.344
    73     70  0.275 |  5.142  3.269  0.491      37     41     42   0.410
    73     80  0.250 |  4.510  2.764  0.490      38     43     44   0.412
    73     99  0.225 |  3.799  2.284  0.479      39     45     46   0.419
    73    119  0.200 |  2.999  1.801  0.479      39     47     49   0.443
    73    125  0.175 |  2.831  1.675  0.469      40     49     52   0.407
    73    147  0.150 |  2.231  1.331  0.420      41     52     55   0.417
    73    158  0.125 |  2.039  1.189  0.412      42     53     57   0.447
    73    205  0.100 |  1.364  0.845  0.409      44     55     60   0.492
    73    245  0.075 |  1.242  0.804  0.409      44     55     60   0.492
    73    340  0.050 |  1.024  0.685  0.409      45     57     63   0.542
    73    340  0.025 |  1.024  0.685  0.409      45     57     63   0.542
#