# Hydraprot_sorted/4ce8_A.pdb
# Protein CA rmsd=  0.000
#  N   Nprd scorecut |   RMSD    Ave    Med   TP<0.5  TP<1.0  TP<1.5
    52      7  0.500 |  9.303  8.685 10.000       7      7      7   0.234
    52      8  0.475 |  9.199  8.500 10.000       8      8      8   0.252
    52      8  0.450 |  9.199  8.500 10.000       8      8      8   0.252
    52     13  0.425 |  8.680  7.646 10.000      11     12     12   0.288
    52     15  0.400 |  8.461  7.305 10.000      12     13     13   0.280
    52     23  0.375 |  7.633  6.110 10.000      16     18     18   0.304
    52     26  0.350 |  7.324  5.770  9.424      16     18     18   0.304
    52     32  0.325 |  6.742  5.045  4.147      19     21     21   0.297
    52     34  0.300 |  6.499  4.777  3.322      20     22     22   0.299
    52     40  0.275 |  5.763  4.005  2.370      23     25     25   0.298
    52     44  0.250 |  5.627  3.904  2.370      23     25     25   0.298
    52     57  0.225 |  4.653  3.040  0.552      25     29     29   0.324
    52     69  0.200 |  3.992  2.458  0.432      28     32     33   0.352
    52     82  0.175 |  3.273  1.885  0.419      30     36     37   0.374
    52     99  0.150 |  2.602  1.523  0.405      31     37     38   0.414
    52    112  0.125 |  2.295  1.339  0.400      32     38     39   0.449
    52    152  0.100 |  1.649  0.867  0.372      36     43     44   0.468
    52    179  0.075 |  1.518  0.822  0.372      36     43     44   0.468
    52    241  0.050 |  1.040  0.659  0.372      37     44     46   0.454
    52    241  0.025 |  1.040  0.659  0.372      37     44     46   0.454
#