# Hydraprot_sorted/4e3y_A.pdb
# Protein CA rmsd=  0.000
#  N   Nprd scorecut |   RMSD    Ave    Med   TP<0.5  TP<1.0  TP<1.5
   110     29  0.500 |  8.681  7.685 10.000      23     24     24   0.246
   110     37  0.475 |  8.253  6.975 10.000      31     32     32   0.241
   110     40  0.450 |  8.130  6.789 10.000      33     34     34   0.244
   110     49  0.425 |  7.695  6.149 10.000      39     40     40   0.243
   110     55  0.400 |  7.453  5.795 10.000      42     44     44   0.248
   110     67  0.375 |  6.771  4.925  3.879      50     52     52   0.255
   110     78  0.350 |  6.147  4.181  0.458      56     59     59   0.269
   110     93  0.325 |  5.472  3.454  0.423      62     65     65   0.291
   110    100  0.300 |  5.117  3.082  0.400      64     69     69   0.298
   110    112  0.275 |  4.832  2.831  0.392      65     70     71   0.310
   110    119  0.250 |  4.325  2.435  0.385      67     73     74   0.316
   110    138  0.225 |  3.536  1.871  0.358      70     78     79   0.330
   110    161  0.200 |  2.734  1.430  0.350      72     81     83   0.347
   110    194  0.175 |  1.741  1.016  0.350      72     83     85   0.385
   110    217  0.150 |  1.631  0.943  0.342      74     85     87   0.381
   110    247  0.125 |  1.476  0.844  0.340      76     87     90   0.388
   110    318  0.100 |  1.160  0.706  0.334      77     89     93   0.423
   110    376  0.075 |  0.891  0.580  0.322      80     93     98   0.435
   110    472  0.050 |  0.796  0.532  0.322      81     95    100   0.447
   110    472  0.025 |  0.796  0.532  0.322      81     95    100   0.447
#