# Hydraprot_sorted/4g9s_A.pdb
# Protein CA rmsd=  0.000
#  N   Nprd scorecut |   RMSD    Ave    Med   TP<0.5  TP<1.0  TP<1.5
    81     11  0.500 |  9.319  8.770 10.000       8      9      9   0.253
    81     17  0.475 |  8.972  8.208 10.000      12     13     13   0.281
    81     20  0.450 |  8.897  8.083 10.000      13     14     14   0.276
    81     27  0.425 |  8.489  7.488 10.000      15     17     17   0.371
    81     32  0.400 |  8.159  7.027 10.000      17     19     19   0.353
    81     37  0.375 |  7.887  6.635 10.000      20     22     22   0.343
    81     47  0.350 |  7.240  5.789  7.180      25     27     27   0.322
    81     53  0.325 |  6.764  5.173  5.117      28     32     32   0.341
    81     56  0.300 |  6.578  4.931  4.532      30     34     34   0.336
    81     75  0.275 |  5.698  3.978  1.566      36     40     40   0.329
    81     85  0.250 |  5.270  3.565  0.780      36     42     42   0.344
    81    101  0.225 |  4.250  2.632  0.557      38     48     50   0.394
    81    121  0.200 |  3.565  2.070  0.493      42     53     55   0.385
    81    130  0.175 |  3.134  1.804  0.493      43     55     57   0.394
    81    160  0.150 |  2.472  1.435  0.465      44     58     60   0.404
    81    180  0.125 |  2.094  1.238  0.465      44     59     62   0.419
    81    235  0.100 |  1.476  0.898  0.432      47     63     67   0.431
    81    280  0.075 |  1.419  0.857  0.428      48     64     68   0.430
    81    355  0.050 |  1.133  0.728  0.428      48     65     71   0.471
    81    355  0.025 |  1.133  0.728  0.428      48     65     71   0.471
#