# Hydraprot_sorted/4g9s_B.pdb
# Protein CA rmsd=  0.000
#  N   Nprd scorecut |   RMSD    Ave    Med   TP<0.5  TP<1.0  TP<1.5
    51     12  0.500 |  8.830  7.940 10.000      10     10     10   0.265
    51     16  0.475 |  8.526  7.541 10.000      11     11     11   0.267
    51     19  0.450 |  8.181  7.011 10.000      13     13     13   0.268
    51     22  0.425 |  7.826  6.498 10.000      15     15     15   0.274
    51     26  0.400 |  7.388  5.968  8.380      16     16     16   0.266
    51     31  0.375 |  6.853  5.329  5.483      18     18     18   0.259
    51     35  0.350 |  6.506  4.948  4.977      19     19     19   0.258
    51     46  0.325 |  5.397  3.755  2.846      23     24     24   0.277
    51     49  0.300 |  5.044  3.447  2.387      23     25     25   0.287
    51     53  0.275 |  4.639  3.106  0.713      24     26     26   0.289
    51     60  0.250 |  4.021  2.570  0.411      27     29     29   0.283
    51     73  0.225 |  3.363  2.036  0.355      29     32     32   0.290
    51     86  0.200 |  2.886  1.708  0.349      31     34     34   0.293
    51     99  0.175 |  2.419  1.408  0.349      32     35     35   0.365
    51    111  0.150 |  2.099  1.207  0.338      33     37     37   0.370
    51    132  0.125 |  1.774  0.956  0.317      35     40     40   0.373
    51    167  0.100 |  1.140  0.712  0.317      36     42     42   0.383
    51    196  0.075 |  0.831  0.516  0.301      39     46     47   0.373
    51    250  0.050 |  0.797  0.501  0.301      39     46     47   0.397
    51    250  0.025 |  0.797  0.501  0.301      39     46     47   0.397
#