# Hydraprot_sorted/4ga2_A.pdb
# Protein CA rmsd=  0.000
#  N   Nprd scorecut |   RMSD    Ave    Med   TP<0.5  TP<1.0  TP<1.5
    43      8  0.500 |  9.367  9.066 10.000       2      2      2   0.250
    43     15  0.475 |  8.660  7.920 10.000       5      6      6   0.356
    43     18  0.450 |  8.572  7.822 10.000       5      6      6   0.356
    43     22  0.425 |  8.256  7.407 10.000       5      7      7   0.410
    43     31  0.400 |  7.426  6.280  7.846       8     11     11   0.391
    43     41  0.375 |  6.620  5.264  5.952      11     15     15   0.413
    43     44  0.350 |  6.286  4.933  5.263      11     16     16   0.440
    43     56  0.325 |  5.757  4.196  2.435      12     19     20   0.545
    43     62  0.300 |  5.273  3.627  0.857      14     22     23   0.524
    43     70  0.275 |  4.600  2.925  0.714      16     25     26   0.509
    43     77  0.250 |  4.219  2.619  0.601      17     26     27   0.498
    43     86  0.225 |  4.071  2.479  0.601      17     27     28   0.506
    43     97  0.200 |  3.226  1.880  0.536      20     30     31   0.491
    43    109  0.175 |  2.802  1.635  0.531      21     31     32   0.484
    43    138  0.150 |  1.894  1.177  0.531      21     32     34   0.514
    43    160  0.125 |  1.568  0.995  0.499      22     33     35   0.545
    43    203  0.100 |  1.557  0.982  0.499      22     33     36   0.530
    43    249  0.075 |  0.956  0.644  0.451      25     37     40   0.513
    43    310  0.050 |  0.727  0.571  0.451      25     37     41   0.527
    43    310  0.025 |  0.727  0.571  0.451      25     37     41   0.527
#