# Hydraprot_sorted/4gnr_A.pdb
# Protein CA rmsd=  0.000
#  N   Nprd scorecut |   RMSD    Ave    Med   TP<0.5  TP<1.0  TP<1.5
   139     34  0.500 |  8.812  7.960 10.000      22     24     25   0.326
   139     39  0.475 |  8.663  7.728 10.000      24     26     28   0.357
   139     43  0.450 |  8.527  7.527 10.000      26     28     30   0.356
   139     53  0.425 |  8.142  6.969 10.000      31     33     35   0.372
   139     59  0.400 |  7.941  6.705 10.000      33     35     37   0.371
   139     68  0.375 |  7.605  6.233 10.000      39     41     43   0.350
   139     81  0.350 |  7.116  5.580  6.379      47     49     51   0.337
   139     95  0.325 |  6.550  4.927  4.643      53     56     58   0.342
   139    105  0.300 |  6.174  4.531  4.079      56     59     62   0.350
   139    131  0.275 |  5.281  3.666  1.350      59     65     70   0.393
   139    153  0.250 |  4.506  2.967  0.842      66     74     79   0.391
   139    188  0.225 |  3.384  2.043  0.419      77     87     94   0.431
   139    225  0.200 |  2.930  1.693  0.411      80     93    101   0.446
   139    255  0.175 |  2.344  1.364  0.401      84     98    106   0.428
   139    304  0.150 |  1.972  1.119  0.392      88    104    112   0.428
   139    344  0.125 |  1.548  0.891  0.375      90    109    117   0.443
   139    431  0.100 |  1.320  0.759  0.358      92    114    122   0.457
   139    505  0.075 |  1.184  0.699  0.358      93    116    125   0.458
   139    640  0.050 |  0.997  0.620  0.350      94    117    129   0.477
   139    640  0.025 |  0.997  0.620  0.350      94    117    129   0.477
#