# Hydraprot_sorted/4iau_A.pdb
# Protein CA rmsd=  0.000
#  N   Nprd scorecut |   RMSD    Ave    Med   TP<0.5  TP<1.0  TP<1.5
    74     12  0.500 |  9.186  8.525 10.000      10     10     10   0.231
    74     15  0.475 |  8.962  8.129 10.000      13     13     13   0.233
    74     18  0.450 |  8.776  7.831 10.000      15     15     15   0.236
    74     21  0.425 |  8.542  7.435 10.000      18     18     18   0.233
    74     25  0.400 |  8.234  6.963 10.000      21     21     21   0.241
    74     30  0.375 |  7.877  6.491 10.000      23     23     23   0.243
    74     35  0.350 |  7.576  6.049 10.000      26     26     26   0.239
    74     44  0.325 |  7.110  5.506  6.482      27     28     28   0.251
    74     52  0.300 |  6.581  4.963  4.285      27     29     29   0.268
    74     67  0.275 |  5.469  3.737  1.593      34     37     37   0.280
    74     77  0.250 |  4.966  3.206  0.563      37     41     42   0.304
    74     87  0.225 |  4.464  2.730  0.376      41     45     46   0.297
    74    103  0.200 |  4.034  2.368  0.369      43     48     49   0.300
    74    122  0.175 |  3.242  1.843  0.346      46     51     52   0.301
    74    154  0.150 |  2.276  1.131  0.314      52     59     61   0.354
    74    174  0.125 |  2.046  1.029  0.314      52     59     62   0.367
    74    217  0.100 |  1.294  0.692  0.305      54     63     66   0.382
    74    267  0.075 |  0.953  0.514  0.298      56     67     70   0.408
    74    346  0.050 |  0.953  0.514  0.298      56     67     70   0.408
    74    346  0.025 |  0.953  0.514  0.298      56     67     70   0.408
#