# Hydraprot_sorted/4kqp_A.pdb
# Protein CA rmsd=  0.000
#  N   Nprd scorecut |   RMSD    Ave    Med   TP<0.5  TP<1.0  TP<1.5
    99     25  0.500 |  8.932  8.261 10.000      12     13     13   0.240
    99     31  0.475 |  8.620  7.710 10.000      17     19     19   0.272
    99     37  0.450 |  8.321  7.255 10.000      21     23     23   0.281
    99     45  0.425 |  8.028  6.881 10.000      23     25     25   0.273
    99     54  0.400 |  7.620  6.316  9.595      27     29     29   0.265
    99     62  0.375 |  7.184  5.758  6.612      30     32     33   0.287
    99     67  0.350 |  7.003  5.579  6.450      30     33     34   0.304
    99     79  0.325 |  6.438  4.874  4.632      35     39     40   0.311
    99     88  0.300 |  6.051  4.399  3.837      39     44     45   0.310
    99    108  0.275 |  5.214  3.578  1.048      43     49     50   0.307
    99    116  0.250 |  5.030  3.359  0.681      45     51     53   0.326
    99    131  0.225 |  4.309  2.777  0.570      48     55     57   0.357
    99    157  0.200 |  3.512  2.122  0.548      49     62     64   0.409
    99    188  0.175 |  2.942  1.760  0.482      51     65     68   0.425
    99    229  0.150 |  2.279  1.306  0.445      54     71     75   0.435
    99    258  0.125 |  1.701  1.006  0.439      55     74     80   0.475
    99    313  0.100 |  1.420  0.815  0.418      59     80     86   0.488
    99    365  0.075 |  1.274  0.747  0.418      60     81     87   0.504
    99    456  0.050 |  1.128  0.688  0.418      60     82     88   0.509
    99    456  0.025 |  1.128  0.688  0.418      60     82     88   0.509
#