# Hydraprot_sorted/4n1i_A.pdb
# Protein CA rmsd=  0.000
#  N   Nprd scorecut |   RMSD    Ave    Med   TP<0.5  TP<1.0  TP<1.5
   146     36  0.500 |  8.733  7.724 10.000      32     33     33   0.239
   146     43  0.475 |  8.487  7.346 10.000      35     37     37   0.238
   146     49  0.450 |  8.277  7.033 10.000      38     40     40   0.280
   146     54  0.425 |  8.068  6.699 10.000      43     45     45   0.276
   146     62  0.400 |  7.756  6.245 10.000      49     51     51   0.269
   146     77  0.375 |  7.218  5.510  8.316      56     60     60   0.277
   146     87  0.350 |  6.856  5.060  5.468      62     66     66   0.275
   146     99  0.325 |  6.429  4.540  1.199      67     73     73   0.284
   146    112  0.300 |  5.906  3.965  0.503      73     79     79   0.287
   146    130  0.275 |  5.311  3.368  0.417      78     86     86   0.299
   146    152  0.250 |  4.628  2.781  0.381      84     92     92   0.298
   146    182  0.225 |  3.836  2.152  0.363      91    100    100   0.306
   146    214  0.200 |  3.094  1.699  0.358      92    102    104   0.339
   146    243  0.175 |  2.586  1.387  0.355      93    106    109   0.356
   146    280  0.150 |  1.973  1.036  0.343      98    113    116   0.372
   146    324  0.125 |  1.525  0.840  0.340     102    118    121   0.390
   146    392  0.100 |  1.202  0.676  0.327     106    124    129   0.406
   146    452  0.075 |  1.069  0.611  0.323     107    128    134   0.402
   146    575  0.050 |  0.833  0.517  0.323     107    132    139   0.419
   146    575  0.025 |  0.833  0.517  0.323     107    132    139   0.419
#