# Hydraprot_sorted/4nsv_A.pdb
# Protein CA rmsd=  0.000
#  N   Nprd scorecut |   RMSD    Ave    Med   TP<0.5  TP<1.0  TP<1.5
   122     27  0.500 |  8.865  7.966 10.000      22     24     24   0.255
   122     35  0.475 |  8.503  7.388 10.000      28     30     30   0.255
   122     41  0.450 |  8.228  6.956 10.000      33     35     35   0.251
   122     49  0.425 |  7.888  6.486 10.000      37     39     39   0.254
   122     56  0.400 |  7.525  5.961 10.000      43     45     45   0.262
   122     69  0.375 |  6.963  5.153  5.203      54     56     56   0.261
   122     76  0.350 |  6.621  4.711  1.846      59     61     61   0.255
   122     90  0.325 |  6.003  4.018  0.421      64     68     68   0.266
   122    103  0.300 |  5.516  3.561  0.397      66     71     72   0.288
   122    124  0.275 |  4.361  2.617  0.386      72     77     78   0.289
   122    140  0.250 |  3.896  2.235  0.384      74     81     83   0.305
   122    159  0.225 |  3.049  1.697  0.374      78     87     89   0.319
   122    188  0.200 |  1.978  1.059  0.337      86     97     99   0.338
   122    204  0.175 |  1.831  0.965  0.337      88    100    102   0.329
   122    241  0.150 |  1.508  0.780  0.336      90    104    106   0.375
   122    271  0.125 |  1.370  0.715  0.334      91    105    107   0.374
   122    327  0.100 |  0.751  0.491  0.325      94    109    113   0.387
   122    385  0.075 |  0.654  0.454  0.325      95    110    115   0.393
   122    496  0.050 |  0.588  0.426  0.325      96    112    117   0.398
   122    496  0.025 |  0.588  0.426  0.325      96    112    117   0.398
#