# Hydraprot_sorted/4o6u_A.pdb
# Protein CA rmsd=  0.000
#  N   Nprd scorecut |   RMSD    Ave    Med   TP<0.5  TP<1.0  TP<1.5
    72     17  0.500 |  8.824  7.923 10.000      14     14     14   0.213
    72     21  0.475 |  8.546  7.478 10.000      17     17     17   0.216
    72     25  0.450 |  8.262  7.032 10.000      20     20     20   0.204
    72     27  0.425 |  8.092  6.762 10.000      22     22     22   0.211
    72     31  0.400 |  7.788  6.355 10.000      24     24     24   0.219
    72     39  0.375 |  7.272  5.788  7.361      24     25     25   0.237
    72     45  0.350 |  6.880  5.342  6.071      25     26     27   0.277
    72     56  0.325 |  6.068  4.438  4.064      28     31     33   0.353
    72     64  0.300 |  5.513  3.842  1.176      32     35     37   0.351
    72     73  0.275 |  5.039  3.460  1.027      32     36     38   0.356
    72     77  0.250 |  4.791  3.268  0.906      33     37     39   0.359
    72     97  0.225 |  3.689  2.386  0.619      34     39     43   0.440
    72    116  0.200 |  3.076  1.918  0.489      37     44     48   0.441
    72    136  0.175 |  2.750  1.713  0.478      38     45     49   0.440
    72    163  0.150 |  2.122  1.310  0.471      40     48     54   0.468
    72    194  0.125 |  1.853  1.083  0.446      43     52     59   0.473
    72    239  0.100 |  1.519  0.885  0.423      46     55     62   0.466
    72    293  0.075 |  1.276  0.767  0.423      46     57     64   0.471
    72    361  0.050 |  1.020  0.663  0.423      46     58     67   0.500
    72    361  0.025 |  1.020  0.663  0.423      46     58     67   0.500
#