# Hydraprot_sorted/4psy_A.pdb
# Protein CA rmsd=  0.000
#  N   Nprd scorecut |   RMSD    Ave    Med   TP<0.5  TP<1.0  TP<1.5
    69      6  0.500 |  9.584  9.244 10.000       4      5      5   0.339
    69     11  0.475 |  9.335  8.885 10.000       4      6      6   0.378
    69     13  0.450 |  9.185  8.641 10.000       5      7      7   0.373
    69     18  0.425 |  8.906  8.225 10.000       6      9      9   0.398
    69     24  0.400 |  8.448  7.518 10.000       8     13     13   0.417
    69     28  0.375 |  8.201  7.176 10.000      10     15     15   0.383
    69     34  0.350 |  7.760  6.580 10.000      13     18     18   0.373
    69     45  0.325 |  7.005  5.506  5.997      19     25     25   0.420
    69     55  0.300 |  6.407  4.847  4.384      21     27     27   0.466
    69     64  0.275 |  5.796  4.123  2.295      22     32     32   0.480
    69     69  0.250 |  5.591  3.923  1.936      23     33     33   0.470
    69     87  0.225 |  4.537  3.020  0.657      25     37     37   0.470
    69    111  0.200 |  3.376  2.062  0.561      28     45     46   0.463
    69    129  0.175 |  2.690  1.642  0.543      30     47     49   0.491
    69    161  0.150 |  2.254  1.371  0.517      31     49     52   0.503
    69    186  0.125 |  2.198  1.325  0.517      31     50     53   0.505
    69    231  0.100 |  1.398  0.817  0.473      36     57     61   0.498
    69    266  0.075 |  1.211  0.732  0.473      36     58     62   0.517
    69    337  0.050 |  0.926  0.643  0.473      36     58     63   0.525
    69    337  0.025 |  0.926  0.643  0.473      36     58     63   0.525
#