# Hydraprot_sorted/4u9h_S.pdb
# Protein CA rmsd=  0.000
#  N   Nprd scorecut |   RMSD    Ave    Med   TP<0.5  TP<1.0  TP<1.5
   101     19  0.500 |  9.084  8.380 10.000      14     15     15   0.262
   101     25  0.475 |  8.769  7.858 10.000      18     20     20   0.284
   101     35  0.450 |  8.268  7.100 10.000      22     26     26   0.289
   101     44  0.425 |  7.792  6.394 10.000      29     33     33   0.296
   101     49  0.400 |  7.523  6.042 10.000      31     35     35   0.336
   101     61  0.375 |  6.915  5.300  5.893      36     40     40   0.327
   101     70  0.350 |  6.455  4.766  4.257      39     44     44   0.321
   101     83  0.325 |  5.854  4.067  0.988      43     51     51   0.332
   101     91  0.300 |  5.534  3.771  0.651      45     53     53   0.326
   101    106  0.275 |  4.827  3.099  0.502      50     59     59   0.323
   101    117  0.250 |  4.279  2.594  0.438      54     64     64   0.326
   101    138  0.225 |  3.511  1.979  0.409      60     70     71   0.333
   101    166  0.200 |  2.624  1.451  0.376      61     74     76   0.356
   101    187  0.175 |  2.292  1.307  0.376      61     74     76   0.356
   101    239  0.150 |  1.693  0.966  0.349      65     78     80   0.424
   101    285  0.125 |  1.284  0.768  0.328      67     81     84   0.433
   101    354  0.100 |  1.077  0.657  0.328      67     84     88   0.429
   101    415  0.075 |  0.914  0.591  0.322      68     85     90   0.434
   101    539  0.050 |  0.818  0.547  0.322      68     86     92   0.441
   101    539  0.025 |  0.818  0.547  0.322      68     86     92   0.441
#