# Hydraprot_sorted/4wee_A.pdb
# Protein CA rmsd=  0.000
#  N   Nprd scorecut |   RMSD    Ave    Med   TP<0.5  TP<1.0  TP<1.5
    43     12  0.500 |  8.722  7.945 10.000       5      6      6   0.381
    43     17  0.475 |  8.313  7.360 10.000       7      8      8   0.381
    43     18  0.450 |  8.172  7.134 10.000       8      9      9   0.367
    43     27  0.425 |  7.120  5.825  6.451      10     13     13   0.402
    43     31  0.400 |  6.851  5.584  6.279      10     13     13   0.402
    43     37  0.375 |  6.315  5.090  5.666      10     13     13   0.402
    43     40  0.350 |  6.186  4.988  5.666      10     13     13   0.402
    43     45  0.325 |  5.973  4.765  5.520      11     14     14   0.392
    43     48  0.300 |  5.722  4.488  4.501      12     15     15   0.379
    43     54  0.275 |  5.227  3.963  3.857      13     17     17   0.397
    43     61  0.250 |  4.924  3.689  3.810      13     17     18   0.455
    43     78  0.225 |  3.710  2.526  0.700      17     24     25   0.452
    43     88  0.200 |  3.311  2.130  0.575      19     26     27   0.439
    43     99  0.175 |  2.751  1.791  0.564      20     27     28   0.432
    43    121  0.150 |  2.136  1.325  0.496      22     30     32   0.497
    43    142  0.125 |  1.990  1.180  0.461      23     32     34   0.497
    43    183  0.100 |  1.349  0.850  0.409      25     34     37   0.503
    43    218  0.075 |  1.168  0.765  0.409      25     35     38   0.513
    43    281  0.050 |  0.933  0.673  0.409      25     35     40   0.524
    43    281  0.025 |  0.933  0.673  0.409      25     35     40   0.524
#