# Hydraprot_sorted/7a3h_A.pdb
# Protein CA rmsd=  0.000
#  N   Nprd scorecut |   RMSD    Ave    Med   TP<0.5  TP<1.0  TP<1.5
   129     22  0.500 |  9.148  8.454 10.000      18     19     19   0.233
   129     30  0.475 |  8.837  7.945 10.000      24     25     25   0.258
   129     36  0.450 |  8.607  7.606 10.000      27     28     28   0.264
   129     41  0.425 |  8.431  7.362 10.000      29     30     30   0.257
   129     49  0.400 |  8.076  6.811 10.000      35     37     37   0.272
   129     60  0.375 |  7.669  6.245 10.000      39     42     42   0.342
   129     68  0.350 |  7.292  5.743  6.772      43     47     47   0.343
   129     81  0.325 |  6.739  5.047  5.637      49     55     55   0.340
   129     88  0.300 |  6.522  4.796  4.660      51     57     57   0.334
   129    109  0.275 |  5.804  4.001  1.047      56     64     65   0.344
   129    126  0.250 |  5.077  3.315  0.588      61     70     71   0.341
   129    146  0.225 |  4.444  2.701  0.498      66     78     79   0.349
   129    185  0.200 |  3.314  1.835  0.422      73     88     91   0.395
   129    200  0.175 |  3.022  1.656  0.422      73     90     93   0.402
   129    244  0.150 |  2.230  1.197  0.386      77     96    102   0.427
   129    283  0.125 |  1.683  0.925  0.355      81    101    108   0.433
   129    342  0.100 |  1.208  0.726  0.341      82    105    112   0.460
   129    399  0.075 |  1.072  0.653  0.341      82    108    115   0.488
   129    526  0.050 |  0.875  0.571  0.341      84    111    118   0.510
   129    526  0.025 |  0.875  0.571  0.341      84    111    118   0.510
#