# result/HydraProt
# Averaged data
# Protein CA rmsd=  0.000
#  N |   RMSD    Ave    Med   f<0.5  f<1.0 f<1.5
  82 |  5.317  3.646  1.648  0.4385 0.5032 0.5178
 164 |  2.594  1.521  0.429  0.5708 0.7014 0.7359
 247 |  1.612  0.936  0.386  0.6211 0.7894 0.8395
 329 |  1.168  0.715  0.374  0.6410 0.8310 0.8916
 412 |  0.990  0.633  0.370  0.6483 0.8475 0.9130
 494 |  0.909  0.596  0.365  0.6506 0.8558 0.9251
 577 |  0.889  0.586  0.364  0.6513 0.8573 0.9282
 659 |  0.872  0.579  0.363  0.6526 0.8593 0.9307
 742 |  0.864  0.576  0.363  0.6530 0.8597 0.9317
 824 |  0.864  0.576  0.363  0.6530 0.8597 0.9317
 907 |  0.864  0.576  0.363  0.6530 0.8597 0.9317
 989 |  0.864  0.576  0.363  0.6530 0.8597 0.9317
1072 |  0.864  0.576  0.363  0.6530 0.8597 0.9317
1154 |  0.864  0.576  0.363  0.6530 0.8597 0.9317
1237 |  0.864  0.576  0.363  0.6530 0.8597 0.9317
1319 |  0.864  0.576  0.363  0.6530 0.8597 0.9317
1402 |  0.864  0.576  0.363  0.6530 0.8597 0.9317
1484 |  0.864  0.576  0.363  0.6530 0.8597 0.9317
1566 |  0.864  0.576  0.363  0.6530 0.8597 0.9317
1649 |  0.864  0.576  0.363  0.6530 0.8597 0.9317
1731 |  0.864  0.576  0.363  0.6530 0.8597 0.9317
1814 |  0.864  0.576  0.363  0.6530 0.8597 0.9317
1896 |  0.864  0.576  0.363  0.6530 0.8597 0.9317
1979 |  0.864  0.576  0.363  0.6530 0.8597 0.9317
2061 |  0.864  0.576  0.363  0.6530 0.8597 0.9317
2144 |  0.864  0.576  0.363  0.6530 0.8597 0.9317
2226 |  0.864  0.576  0.363  0.6530 0.8597 0.9317
2309 |  0.864  0.576  0.363  0.6530 0.8597 0.9317
2391 |  0.864  0.576  0.363  0.6530 0.8597 0.9317
2474 |  0.864  0.576  0.363  0.6530 0.8597 0.9317
2556 |  0.864  0.576  0.363  0.6530 0.8597 0.9317
2639 |  0.864  0.576  0.363  0.6530 0.8597 0.9317
2721 |  0.864  0.576  0.363  0.6530 0.8597 0.9317
2804 |  0.864  0.576  0.363  0.6530 0.8597 0.9317
2886 |  0.864  0.576  0.363  0.6530 0.8597 0.9317
2969 |  0.864  0.576  0.363  0.6530 0.8597 0.9317
3051 |  0.864  0.576  0.363  0.6530 0.8597 0.9317
3133 |  0.864  0.576  0.363  0.6530 0.8597 0.9317
3216 |  0.864  0.576  0.363  0.6530 0.8597 0.9317
3298 |  0.864  0.576  0.363  0.6530 0.8597 0.9317
3381 |  0.864  0.576  0.363  0.6530 0.8597 0.9317
3463 |  0.864  0.576  0.363  0.6530 0.8597 0.9317
3546 |  0.864  0.576  0.363  0.6530 0.8597 0.9317
3628 |  0.864  0.576  0.363  0.6530 0.8597 0.9317
3711 |  0.864  0.576  0.363  0.6530 0.8597 0.9317
3793 |  0.864  0.576  0.363  0.6530 0.8597 0.9317
3876 |  0.864  0.576  0.363  0.6530 0.8597 0.9317
3958 |  0.864  0.576  0.363  0.6530 0.8597 0.9317
4041 |  0.864  0.576  0.363  0.6530 0.8597 0.9317
 413 |  0.864  0.576  0.363  0.6530 0.8597 0.9317
#
#
