# result_score/SuperWater
# Averaged data
# Protein CA rmsd=  0.000
#  N   Nprd scorecut |   RMSD    Ave    Med  pre0.5 pre1.0 pre1.5 rec0.5 rec1.0 rec1.5 f1_0.5 f1_1.0 f1_1.5
    82     20  0.500 |  9.007  8.362  9.934  0.4975 0.5970 0.6036 0.1083 0.1298 0.1313 0.1718 0.2064 0.2088
    82     26  0.450 |  8.668  7.857  9.857  0.4478 0.5604 0.5700 0.1334 0.1654 0.1679 0.1995 0.2480 0.2520
    82     35  0.400 |  8.191  7.188  9.558  0.4001 0.5196 0.5300 0.1633 0.2097 0.2137 0.2261 0.2914 0.2971
    82     45  0.350 |  7.684  6.515  8.507  0.3575 0.4901 0.5012 0.1895 0.2555 0.2614 0.2424 0.3285 0.3362
    82     58  0.300 |  7.017  5.683  6.584  0.3241 0.4597 0.4758 0.2220 0.3109 0.3215 0.2589 0.3647 0.3774
    82     74  0.250 |  6.228  4.786  4.435  0.2875 0.4295 0.4512 0.2522 0.3736 0.3916 0.2648 0.3941 0.4134
    82     94  0.200 |  5.333  3.883  2.628  0.2506 0.3916 0.4172 0.2815 0.4369 0.4646 0.2622 0.4085 0.4348
    82    120  0.150 |  4.346  2.987  1.454  0.2160 0.3525 0.3835 0.3104 0.5047 0.5485 0.2525 0.4115 0.4476
    82    161  0.100 |  3.191  2.093  0.873  0.1739 0.2967 0.3310 0.3390 0.5773 0.6431 0.2285 0.3896 0.4344
    82    174  0.090 |  2.926  1.904  0.830  0.1646 0.2829 0.3181 0.3473 0.5963 0.6697 0.2221 0.3816 0.4289
    82    188  0.080 |  2.680  1.732  0.786  0.1557 0.2690 0.3052 0.3553 0.6135 0.6950 0.2155 0.3720 0.4220
    82    205  0.070 |  2.426  1.570  0.749  0.1447 0.2520 0.2886 0.3602 0.6277 0.7176 0.2056 0.3580 0.4098
    82    224  0.060 |  2.220  1.450  0.737  0.1342 0.2352 0.2711 0.3649 0.6406 0.7370 0.1953 0.3425 0.3946
    82    247  0.050 |  1.984  1.303  0.708  0.1231 0.2173 0.2529 0.3702 0.6548 0.7604 0.1840 0.3249 0.3779
    82    277  0.040 |  1.746  1.168  0.679  0.1108 0.1973 0.2322 0.3740 0.6679 0.7853 0.1702 0.3032 0.3568
    82    317  0.030 |  1.542  1.058  0.667  0.0974 0.1746 0.2071 0.3782 0.6805 0.8069 0.1542 0.2766 0.3281
    82    380  0.020 |  1.318  0.948  0.655  0.0818 0.1484 0.1778 0.3811 0.6944 0.8323 0.1340 0.2434 0.2917
#
#
