# result_score/HydraProt
# Averaged data
# Protein CA rmsd=  0.000
#  N   Nprd scorecut |   RMSD    Ave    Med  pre0.5 pre1.0 pre1.5 rec0.5 rec1.0 rec1.5 f1_0.5 f1_1.0 f1_1.5
    82     19  0.500 |  8.899  8.085 10.000  0.7202 0.7663 0.7730 0.1617 0.1719 0.1735 0.2601 0.2765 0.2790
    82     24  0.475 |  8.580  7.586  9.997  0.6814 0.7310 0.7400 0.1984 0.2132 0.2158 0.3034 0.3259 0.3299
    82     28  0.450 |  8.365  7.261  9.947  0.6610 0.7127 0.7226 0.2221 0.2398 0.2431 0.3285 0.3545 0.3594
    82     34  0.425 |  7.968  6.693  9.581  0.6231 0.6794 0.6907 0.2597 0.2837 0.2882 0.3626 0.3957 0.4022
    82     40  0.400 |  7.637  6.250  8.970  0.5937 0.6502 0.6617 0.2871 0.3153 0.3208 0.3829 0.4200 0.4274
    82     48  0.375 |  7.129  5.601  6.965  0.5566 0.6163 0.6284 0.3265 0.3631 0.3701 0.4076 0.4523 0.4611
    82     54  0.350 |  6.771  5.170  5.505  0.5361 0.5955 0.6075 0.3549 0.3958 0.4037 0.4230 0.4708 0.4803
    82     64  0.325 |  6.164  4.486  3.387  0.5006 0.5618 0.5752 0.3968 0.4468 0.4576 0.4385 0.4930 0.5048
    82     72  0.300 |  5.744  4.051  2.376  0.4733 0.5353 0.5490 0.4223 0.4792 0.4918 0.4420 0.5007 0.5137
    82     86  0.275 |  5.015  3.360  1.181  0.4313 0.4954 0.5096 0.4588 0.5280 0.5435 0.4403 0.5063 0.5210
    82     97  0.250 |  4.528  2.940  0.862  0.4029 0.4669 0.4824 0.4817 0.5591 0.5780 0.4349 0.5043 0.5212
    82    115  0.225 |  3.806  2.355  0.568  0.3634 0.4305 0.4474 0.5147 0.6112 0.6356 0.4222 0.5006 0.5204
    82    137  0.200 |  3.086  1.834  0.456  0.3233 0.3912 0.4079 0.5487 0.6657 0.6947 0.4034 0.4886 0.5096
    82    155  0.175 |  2.680  1.565  0.429  0.2964 0.3622 0.3781 0.5682 0.6963 0.7273 0.3863 0.4725 0.4934
    82    186  0.150 |  2.116  1.209  0.403  0.2573 0.3205 0.3368 0.5952 0.7436 0.7820 0.3566 0.4444 0.4672
    82    215  0.125 |  1.780  1.013  0.388  0.2303 0.2898 0.3067 0.6133 0.7745 0.8197 0.3325 0.4187 0.4430
    82    271  0.100 |  1.315  0.776  0.371  0.1884 0.2418 0.2583 0.6339 0.8154 0.8714 0.2886 0.3705 0.3958
    82    321  0.075 |  1.087  0.668  0.366  0.1616 0.2099 0.2254 0.6452 0.8396 0.9016 0.2568 0.3338 0.3584
    82    413  0.050 |  0.864  0.576  0.363  0.1273 0.1673 0.1812 0.6530 0.8597 0.9317 0.2119 0.2786 0.3018
    82    413  0.025 |  0.864  0.576  0.363  0.1273 0.1673 0.1812 0.6530 0.8597 0.9317 0.2119 0.2786 0.3018
#
#
